
Novo jogo entre Aletório  Alastor

Aletório jogou.
Duração da jogada = 0 s

 | 0 | 0 | 0 | 0 | 0 | 0 | 0 | 
 | 0 | 0 | 0 | 0 | 0 | 0 | 0 | 
 | 0 | 0 | 0 | 0 | 0 | 0 | 0 | 
 | 0 | 0 | 0 | 0 | 0 | 0 | 0 | 
 | 0 | 0 | 0 | 0 | 0 | 0 | 0 | 
 | 0 | 0 | 0 | 0 | 0 | 0 | 0 | 
 | 0 | 0 | 0 | 0 | 0 | 1 | 0 | 
 | 

Alastor jogou.
Duração da jogada = 0 s

 | 0 | 0 | 0 | 0 | 0 | 0 | 0 | 
 | 0 | 0 | 0 | 0 | 0 | 0 | 0 | 
 | 0 | 0 | 0 | 0 | 0 | 0 | 0 | 
 | 0 | 0 | 0 | 0 | 0 | 0 | 0 | 
 | 0 | 0 | 0 | 0 | 0 | 0 | 0 | 
 | 0 | 0 | 0 | 0 | 0 | 0 | 0 | 
 | 0 | 0 | 0 | 2 | 0 | 1 | 0 | 
 | 

Aletório jogou.
Duração da jogada = 0 s

 | 0 | 0 | 0 | 0 | 0 | 0 | 0 | 
 | 0 | 0 | 0 | 0 | 0 | 0 | 0 | 
 | 0 | 0 | 0 | 0 | 0 | 0 | 0 | 
 | 0 | 0 | 0 | 0 | 0 | 0 | 0 | 
 | 0 | 0 | 0 | 0 | 0 | 0 | 0 | 
 | 0 | 0 | 0 | 0 | 0 | 0 | 0 | 
 | 0 | 0 | 0 | 2 | 1 | 1 | 0 | 
 | 

Alastor jogou.
Duração da jogada = 0 s

 | 0 | 0 | 0 | 0 | 0 | 0 | 0 | 
 | 0 | 0 | 0 | 0 | 0 | 0 | 0 | 
 | 0 | 0 | 0 | 0 | 0 | 0 | 0 | 
 | 0 | 0 | 0 | 0 | 0 | 0 | 0 | 
 | 0 | 0 | 0 | 0 | 0 | 0 | 0 | 
 | 0 | 0 | 0 | 2 | 0 | 0 | 0 | 
 | 0 | 0 | 0 | 2 | 1 | 1 | 0 | 
 | 

Aletório jogou.
Duração da jogada = 0 s

 | 0 | 0 | 0 | 0 | 0 | 0 | 0 | 
 | 0 | 0 | 0 | 0 | 0 | 0 | 0 | 
 | 0 | 0 | 0 | 0 | 0 | 0 | 0 | 
 | 0 | 0 | 0 | 0 | 0 | 0 | 0 | 
 | 0 | 0 | 0 | 0 | 0 | 0 | 0 | 
 | 0 | 0 | 0 | 2 | 0 | 0 | 0 | 
 | 0 | 0 | 1 | 2 | 1 | 1 | 0 | 
 | 

Alastor jogou.
Duração da jogada = 0 s

 | 0 | 0 | 0 | 0 | 0 | 0 | 0 | 
 | 0 | 0 | 0 | 0 | 0 | 0 | 0 | 
 | 0 | 0 | 0 | 0 | 0 | 0 | 0 | 
 | 0 | 0 | 0 | 0 | 0 | 0 | 0 | 
 | 0 | 0 | 0 | 2 | 0 | 0 | 0 | 
 | 0 | 0 | 0 | 2 | 0 | 0 | 0 | 
 | 0 | 0 | 1 | 2 | 1 | 1 | 0 | 
 | 

Aletório jogou.
Duração da jogada = 0 s

 | 0 | 0 | 0 | 0 | 0 | 0 | 0 | 
 | 0 | 0 | 0 | 0 | 0 | 0 | 0 | 
 | 0 | 0 | 0 | 0 | 0 | 0 | 0 | 
 | 0 | 0 | 0 | 0 | 0 | 0 | 0 | 
 | 0 | 0 | 0 | 2 | 0 | 0 | 0 | 
 | 0 | 0 | 0 | 2 | 0 | 0 | 0 | 
 | 0 | 0 | 1 | 2 | 1 | 1 | 1 | 
 | 

Alastor jogou.
Duração da jogada = 0 s

 | 0 | 0 | 0 | 0 | 0 | 0 | 0 | 
 | 0 | 0 | 0 | 0 | 0 | 0 | 0 | 
 | 0 | 0 | 0 | 0 | 0 | 0 | 0 | 
 | 0 | 0 | 0 | 2 | 0 | 0 | 0 | 
 | 0 | 0 | 0 | 2 | 0 | 0 | 0 | 
 | 0 | 0 | 0 | 2 | 0 | 0 | 0 | 
 | 0 | 0 | 1 | 2 | 1 | 1 | 1 | 
 | 
Aletório perdeu Alastor venceu

Novo jogo entre Alastor  Aletório

Alastor jogou.
Duração da jogada = 0 s

 | 0 | 0 | 0 | 0 | 0 | 0 | 0 | 
 | 0 | 0 | 0 | 0 | 0 | 0 | 0 | 
 | 0 | 0 | 0 | 0 | 0 | 0 | 0 | 
 | 0 | 0 | 0 | 0 | 0 | 0 | 0 | 
 | 0 | 0 | 0 | 0 | 0 | 0 | 0 | 
 | 0 | 0 | 0 | 0 | 0 | 0 | 0 | 
 | 0 | 0 | 0 | 1 | 0 | 0 | 0 | 
 | 

Aletório jogou.
Duração da jogada = 0 s

 | 0 | 0 | 0 | 0 | 0 | 0 | 0 | 
 | 0 | 0 | 0 | 0 | 0 | 0 | 0 | 
 | 0 | 0 | 0 | 0 | 0 | 0 | 0 | 
 | 0 | 0 | 0 | 0 | 0 | 0 | 0 | 
 | 0 | 0 | 0 | 0 | 0 | 0 | 0 | 
 | 0 | 0 | 0 | 0 | 0 | 0 | 0 | 
 | 0 | 0 | 0 | 1 | 0 | 2 | 0 | 
 | 

Alastor jogou.
Duração da jogada = 0 s

 | 0 | 0 | 0 | 0 | 0 | 0 | 0 | 
 | 0 | 0 | 0 | 0 | 0 | 0 | 0 | 
 | 0 | 0 | 0 | 0 | 0 | 0 | 0 | 
 | 0 | 0 | 0 | 0 | 0 | 0 | 0 | 
 | 0 | 0 | 0 | 0 | 0 | 0 | 0 | 
 | 0 | 0 | 0 | 1 | 0 | 0 | 0 | 
 | 0 | 0 | 0 | 1 | 0 | 2 | 0 | 
 | 

Aletório jogou.
Duração da jogada = 0 s

 | 0 | 0 | 0 | 0 | 0 | 0 | 0 | 
 | 0 | 0 | 0 | 0 | 0 | 0 | 0 | 
 | 0 | 0 | 0 | 0 | 0 | 0 | 0 | 
 | 0 | 0 | 0 | 0 | 0 | 0 | 0 | 
 | 0 | 0 | 0 | 0 | 0 | 0 | 0 | 
 | 0 | 0 | 0 | 1 | 0 | 0 | 0 | 
 | 0 | 0 | 2 | 1 | 0 | 2 | 0 | 
 | 

Alastor jogou.
Duração da jogada = 0 s

 | 0 | 0 | 0 | 0 | 0 | 0 | 0 | 
 | 0 | 0 | 0 | 0 | 0 | 0 | 0 | 
 | 0 | 0 | 0 | 0 | 0 | 0 | 0 | 
 | 0 | 0 | 0 | 0 | 0 | 0 | 0 | 
 | 0 | 0 | 0 | 1 | 0 | 0 | 0 | 
 | 0 | 0 | 0 | 1 | 0 | 0 | 0 | 
 | 0 | 0 | 2 | 1 | 0 | 2 | 0 | 
 | 

Aletório jogou.
Duração da jogada = 0 s

 | 0 | 0 | 0 | 0 | 0 | 0 | 0 | 
 | 0 | 0 | 0 | 0 | 0 | 0 | 0 | 
 | 0 | 0 | 0 | 0 | 0 | 0 | 0 | 
 | 0 | 0 | 0 | 0 | 0 | 0 | 0 | 
 | 0 | 0 | 0 | 1 | 0 | 0 | 0 | 
 | 0 | 0 | 0 | 1 | 0 | 2 | 0 | 
 | 0 | 0 | 2 | 1 | 0 | 2 | 0 | 
 | 

Alastor jogou.
Duração da jogada = 0 s

 | 0 | 0 | 0 | 0 | 0 | 0 | 0 | 
 | 0 | 0 | 0 | 0 | 0 | 0 | 0 | 
 | 0 | 0 | 0 | 0 | 0 | 0 | 0 | 
 | 0 | 0 | 0 | 1 | 0 | 0 | 0 | 
 | 0 | 0 | 0 | 1 | 0 | 0 | 0 | 
 | 0 | 0 | 0 | 1 | 0 | 2 | 0 | 
 | 0 | 0 | 2 | 1 | 0 | 2 | 0 | 
 | 
Alastor venceu Aletório perdeu

Novo jogo entre Aletório  IdeiaFix

Aletório jogou.
Duração da jogada = 0 s

 | 0 | 0 | 0 | 0 | 0 | 0 | 0 | 
 | 0 | 0 | 0 | 0 | 0 | 0 | 0 | 
 | 0 | 0 | 0 | 0 | 0 | 0 | 0 | 
 | 0 | 0 | 0 | 0 | 0 | 0 | 0 | 
 | 0 | 0 | 0 | 0 | 0 | 0 | 0 | 
 | 0 | 0 | 0 | 0 | 0 | 0 | 0 | 
 | 0 | 0 | 0 | 0 | 0 | 1 | 0 | 
 | 

IdeiaFix jogou.
Duração da jogada = 0 s

 | 0 | 0 | 0 | 0 | 0 | 0 | 0 | 
 | 0 | 0 | 0 | 0 | 0 | 0 | 0 | 
 | 0 | 0 | 0 | 0 | 0 | 0 | 0 | 
 | 0 | 0 | 0 | 0 | 0 | 0 | 0 | 
 | 0 | 0 | 0 | 0 | 0 | 0 | 0 | 
 | 0 | 0 | 0 | 0 | 0 | 0 | 0 | 
 | 0 | 0 | 0 | 2 | 0 | 1 | 0 | 
 | 

Aletório jogou.
Duração da jogada = 0 s

 | 0 | 0 | 0 | 0 | 0 | 0 | 0 | 
 | 0 | 0 | 0 | 0 | 0 | 0 | 0 | 
 | 0 | 0 | 0 | 0 | 0 | 0 | 0 | 
 | 0 | 0 | 0 | 0 | 0 | 0 | 0 | 
 | 0 | 0 | 0 | 0 | 0 | 0 | 0 | 
 | 0 | 0 | 0 | 0 | 0 | 0 | 0 | 
 | 0 | 0 | 0 | 2 | 1 | 1 | 0 | 
 | 

IdeiaFix jogou.
Duração da jogada = 0 s

 | 0 | 0 | 0 | 0 | 0 | 0 | 0 | 
 | 0 | 0 | 0 | 0 | 0 | 0 | 0 | 
 | 0 | 0 | 0 | 0 | 0 | 0 | 0 | 
 | 0 | 0 | 0 | 0 | 0 | 0 | 0 | 
 | 0 | 0 | 0 | 0 | 0 | 0 | 0 | 
 | 0 | 0 | 0 | 2 | 0 | 0 | 0 | 
 | 0 | 0 | 0 | 2 | 1 | 1 | 0 | 
 | 

Aletório jogou.
Duração da jogada = 0 s

 | 0 | 0 | 0 | 0 | 0 | 0 | 0 | 
 | 0 | 0 | 0 | 0 | 0 | 0 | 0 | 
 | 0 | 0 | 0 | 0 | 0 | 0 | 0 | 
 | 0 | 0 | 0 | 0 | 0 | 0 | 0 | 
 | 0 | 0 | 0 | 0 | 0 | 0 | 0 | 
 | 0 | 0 | 0 | 2 | 0 | 0 | 0 | 
 | 1 | 0 | 0 | 2 | 1 | 1 | 0 | 
 | 

IdeiaFix jogou.
Duração da jogada = 0 s

 | 0 | 0 | 0 | 0 | 0 | 0 | 0 | 
 | 0 | 0 | 0 | 0 | 0 | 0 | 0 | 
 | 0 | 0 | 0 | 0 | 0 | 0 | 0 | 
 | 0 | 0 | 0 | 0 | 0 | 0 | 0 | 
 | 0 | 0 | 0 | 0 | 0 | 0 | 0 | 
 | 0 | 0 | 0 | 2 | 2 | 0 | 0 | 
 | 1 | 0 | 0 | 2 | 1 | 1 | 0 | 
 | 

Aletório jogou.
Duração da jogada = 0 s

 | 0 | 0 | 0 | 0 | 0 | 0 | 0 | 
 | 0 | 0 | 0 | 0 | 0 | 0 | 0 | 
 | 0 | 0 | 0 | 0 | 0 | 0 | 0 | 
 | 0 | 0 | 0 | 0 | 0 | 0 | 0 | 
 | 0 | 0 | 0 | 0 | 0 | 0 | 0 | 
 | 0 | 0 | 0 | 2 | 2 | 0 | 0 | 
 | 1 | 0 | 1 | 2 | 1 | 1 | 0 | 
 | 

IdeiaFix jogou.
Duração da jogada = 0 s

 | 0 | 0 | 0 | 0 | 0 | 0 | 0 | 
 | 0 | 0 | 0 | 0 | 0 | 0 | 0 | 
 | 0 | 0 | 0 | 0 | 0 | 0 | 0 | 
 | 0 | 0 | 0 | 0 | 0 | 0 | 0 | 
 | 0 | 0 | 0 | 0 | 0 | 0 | 0 | 
 | 0 | 0 | 0 | 2 | 2 | 2 | 0 | 
 | 1 | 0 | 1 | 2 | 1 | 1 | 0 | 
 | 

Aletório jogou.
Duração da jogada = 0 s

 | 0 | 0 | 0 | 0 | 0 | 0 | 0 | 
 | 0 | 0 | 0 | 0 | 0 | 0 | 0 | 
 | 0 | 0 | 0 | 0 | 0 | 0 | 0 | 
 | 0 | 0 | 0 | 0 | 0 | 0 | 0 | 
 | 0 | 0 | 0 | 0 | 0 | 0 | 0 | 
 | 0 | 0 | 1 | 2 | 2 | 2 | 0 | 
 | 1 | 0 | 1 | 2 | 1 | 1 | 0 | 
 | 

IdeiaFix jogou.
Duração da jogada = 2 s

 | 0 | 0 | 0 | 0 | 0 | 0 | 0 | 
 | 0 | 0 | 0 | 0 | 0 | 0 | 0 | 
 | 0 | 0 | 0 | 0 | 0 | 0 | 0 | 
 | 0 | 0 | 0 | 0 | 0 | 0 | 0 | 
 | 0 | 0 | 0 | 0 | 2 | 0 | 0 | 
 | 0 | 0 | 1 | 2 | 2 | 2 | 0 | 
 | 1 | 0 | 1 | 2 | 1 | 1 | 0 | 
 | 

Aletório jogou.
Duração da jogada = 0 s

 | 0 | 0 | 0 | 0 | 0 | 0 | 0 | 
 | 0 | 0 | 0 | 0 | 0 | 0 | 0 | 
 | 0 | 0 | 0 | 0 | 0 | 0 | 0 | 
 | 0 | 0 | 0 | 0 | 0 | 0 | 0 | 
 | 0 | 0 | 0 | 0 | 2 | 0 | 0 | 
 | 0 | 0 | 1 | 2 | 2 | 2 | 0 | 
 | 1 | 0 | 1 | 2 | 1 | 1 | 1 | 
 | 

IdeiaFix jogou.
Duração da jogada = 0 s

 | 0 | 0 | 0 | 0 | 0 | 0 | 0 | 
 | 0 | 0 | 0 | 0 | 0 | 0 | 0 | 
 | 0 | 0 | 0 | 0 | 0 | 0 | 0 | 
 | 0 | 0 | 0 | 0 | 0 | 0 | 0 | 
 | 0 | 0 | 0 | 2 | 2 | 0 | 0 | 
 | 0 | 0 | 1 | 2 | 2 | 2 | 0 | 
 | 1 | 0 | 1 | 2 | 1 | 1 | 1 | 
 | 

Aletório jogou.
Duração da jogada = 0 s

 | 0 | 0 | 0 | 0 | 0 | 0 | 0 | 
 | 0 | 0 | 0 | 0 | 0 | 0 | 0 | 
 | 0 | 0 | 0 | 0 | 0 | 0 | 0 | 
 | 0 | 0 | 0 | 0 | 0 | 0 | 0 | 
 | 0 | 0 | 0 | 2 | 2 | 0 | 0 | 
 | 0 | 0 | 1 | 2 | 2 | 2 | 0 | 
 | 1 | 1 | 1 | 2 | 1 | 1 | 1 | 
 | 

IdeiaFix jogou.
Duração da jogada = 0 s

 | 0 | 0 | 0 | 0 | 0 | 0 | 0 | 
 | 0 | 0 | 0 | 0 | 0 | 0 | 0 | 
 | 0 | 0 | 0 | 0 | 0 | 0 | 0 | 
 | 0 | 0 | 0 | 2 | 0 | 0 | 0 | 
 | 0 | 0 | 0 | 2 | 2 | 0 | 0 | 
 | 0 | 0 | 1 | 2 | 2 | 2 | 0 | 
 | 1 | 1 | 1 | 2 | 1 | 1 | 1 | 
 | 
Aletório perdeu IdeiaFix venceu

Novo jogo entre IdeiaFix  Aletório

IdeiaFix jogou.
Duração da jogada = 0 s

 | 0 | 0 | 0 | 0 | 0 | 0 | 0 | 
 | 0 | 0 | 0 | 0 | 0 | 0 | 0 | 
 | 0 | 0 | 0 | 0 | 0 | 0 | 0 | 
 | 0 | 0 | 0 | 0 | 0 | 0 | 0 | 
 | 0 | 0 | 0 | 0 | 0 | 0 | 0 | 
 | 0 | 0 | 0 | 0 | 0 | 0 | 0 | 
 | 0 | 0 | 0 | 1 | 0 | 0 | 0 | 
 | 

Aletório jogou.
Duração da jogada = 0 s

 | 0 | 0 | 0 | 0 | 0 | 0 | 0 | 
 | 0 | 0 | 0 | 0 | 0 | 0 | 0 | 
 | 0 | 0 | 0 | 0 | 0 | 0 | 0 | 
 | 0 | 0 | 0 | 0 | 0 | 0 | 0 | 
 | 0 | 0 | 0 | 0 | 0 | 0 | 0 | 
 | 0 | 0 | 0 | 0 | 0 | 0 | 0 | 
 | 0 | 0 | 0 | 1 | 2 | 0 | 0 | 
 | 

IdeiaFix jogou.
Duração da jogada = 0 s

 | 0 | 0 | 0 | 0 | 0 | 0 | 0 | 
 | 0 | 0 | 0 | 0 | 0 | 0 | 0 | 
 | 0 | 0 | 0 | 0 | 0 | 0 | 0 | 
 | 0 | 0 | 0 | 0 | 0 | 0 | 0 | 
 | 0 | 0 | 0 | 0 | 0 | 0 | 0 | 
 | 0 | 0 | 0 | 1 | 0 | 0 | 0 | 
 | 0 | 0 | 0 | 1 | 2 | 0 | 0 | 
 | 

Aletório jogou.
Duração da jogada = 0 s

 | 0 | 0 | 0 | 0 | 0 | 0 | 0 | 
 | 0 | 0 | 0 | 0 | 0 | 0 | 0 | 
 | 0 | 0 | 0 | 0 | 0 | 0 | 0 | 
 | 0 | 0 | 0 | 0 | 0 | 0 | 0 | 
 | 0 | 0 | 0 | 0 | 0 | 0 | 0 | 
 | 0 | 0 | 0 | 1 | 0 | 0 | 0 | 
 | 0 | 0 | 0 | 1 | 2 | 0 | 2 | 
 | 

IdeiaFix jogou.
Duração da jogada = 0 s

 | 0 | 0 | 0 | 0 | 0 | 0 | 0 | 
 | 0 | 0 | 0 | 0 | 0 | 0 | 0 | 
 | 0 | 0 | 0 | 0 | 0 | 0 | 0 | 
 | 0 | 0 | 0 | 0 | 0 | 0 | 0 | 
 | 0 | 0 | 0 | 0 | 0 | 0 | 0 | 
 | 0 | 0 | 0 | 1 | 1 | 0 | 0 | 
 | 0 | 0 | 0 | 1 | 2 | 0 | 2 | 
 | 

Aletório jogou.
Duração da jogada = 0 s

 | 0 | 0 | 0 | 0 | 0 | 0 | 0 | 
 | 0 | 0 | 0 | 0 | 0 | 0 | 0 | 
 | 0 | 0 | 0 | 0 | 0 | 0 | 0 | 
 | 0 | 0 | 0 | 0 | 0 | 0 | 0 | 
 | 0 | 0 | 0 | 0 | 2 | 0 | 0 | 
 | 0 | 0 | 0 | 1 | 1 | 0 | 0 | 
 | 0 | 0 | 0 | 1 | 2 | 0 | 2 | 
 | 

IdeiaFix jogou.
Duração da jogada = 0 s

 | 0 | 0 | 0 | 0 | 0 | 0 | 0 | 
 | 0 | 0 | 0 | 0 | 0 | 0 | 0 | 
 | 0 | 0 | 0 | 0 | 0 | 0 | 0 | 
 | 0 | 0 | 0 | 0 | 1 | 0 | 0 | 
 | 0 | 0 | 0 | 0 | 2 | 0 | 0 | 
 | 0 | 0 | 0 | 1 | 1 | 0 | 0 | 
 | 0 | 0 | 0 | 1 | 2 | 0 | 2 | 
 | 

Aletório jogou.
Duração da jogada = 0 s

 | 0 | 0 | 0 | 0 | 0 | 0 | 0 | 
 | 0 | 0 | 0 | 0 | 0 | 0 | 0 | 
 | 0 | 0 | 0 | 0 | 0 | 0 | 0 | 
 | 0 | 0 | 0 | 0 | 1 | 0 | 0 | 
 | 0 | 0 | 0 | 0 | 2 | 0 | 0 | 
 | 0 | 0 | 0 | 1 | 1 | 0 | 0 | 
 | 2 | 0 | 0 | 1 | 2 | 0 | 2 | 
 | 

IdeiaFix jogou.
Duração da jogada = 0 s

 | 0 | 0 | 0 | 0 | 0 | 0 | 0 | 
 | 0 | 0 | 0 | 0 | 0 | 0 | 0 | 
 | 0 | 0 | 0 | 0 | 0 | 0 | 0 | 
 | 0 | 0 | 0 | 0 | 1 | 0 | 0 | 
 | 0 | 0 | 0 | 0 | 2 | 0 | 0 | 
 | 0 | 0 | 0 | 1 | 1 | 0 | 0 | 
 | 2 | 0 | 0 | 1 | 2 | 1 | 2 | 
 | 

Aletório jogou.
Duração da jogada = 0 s

 | 0 | 0 | 0 | 0 | 0 | 0 | 0 | 
 | 0 | 0 | 0 | 0 | 0 | 0 | 0 | 
 | 0 | 0 | 0 | 0 | 0 | 0 | 0 | 
 | 0 | 0 | 0 | 0 | 1 | 0 | 0 | 
 | 0 | 0 | 0 | 0 | 2 | 0 | 0 | 
 | 0 | 0 | 0 | 1 | 1 | 0 | 2 | 
 | 2 | 0 | 0 | 1 | 2 | 1 | 2 | 
 | 

IdeiaFix jogou.
Duração da jogada = 0 s

 | 0 | 0 | 0 | 0 | 0 | 0 | 0 | 
 | 0 | 0 | 0 | 0 | 0 | 0 | 0 | 
 | 0 | 0 | 0 | 0 | 0 | 0 | 0 | 
 | 0 | 0 | 0 | 0 | 1 | 0 | 0 | 
 | 0 | 0 | 0 | 1 | 2 | 0 | 0 | 
 | 0 | 0 | 0 | 1 | 1 | 0 | 2 | 
 | 2 | 0 | 0 | 1 | 2 | 1 | 2 | 
 | 

Aletório jogou.
Duração da jogada = 0 s

 | 0 | 0 | 0 | 0 | 0 | 0 | 0 | 
 | 0 | 0 | 0 | 0 | 0 | 0 | 0 | 
 | 0 | 0 | 0 | 0 | 0 | 0 | 0 | 
 | 0 | 0 | 0 | 0 | 1 | 0 | 0 | 
 | 0 | 0 | 0 | 1 | 2 | 0 | 0 | 
 | 2 | 0 | 0 | 1 | 1 | 0 | 2 | 
 | 2 | 0 | 0 | 1 | 2 | 1 | 2 | 
 | 

IdeiaFix jogou.
Duração da jogada = 0 s

 | 0 | 0 | 0 | 0 | 0 | 0 | 0 | 
 | 0 | 0 | 0 | 0 | 0 | 0 | 0 | 
 | 0 | 0 | 0 | 0 | 0 | 0 | 0 | 
 | 0 | 0 | 0 | 1 | 1 | 0 | 0 | 
 | 0 | 0 | 0 | 1 | 2 | 0 | 0 | 
 | 2 | 0 | 0 | 1 | 1 | 0 | 2 | 
 | 2 | 0 | 0 | 1 | 2 | 1 | 2 | 
 | 
IdeiaFix venceu Aletório perdeu

Novo jogo entre Aletório  Chewbacca

Aletório jogou.
Duração da jogada = 0 s

 | 0 | 0 | 0 | 0 | 0 | 0 | 0 | 
 | 0 | 0 | 0 | 0 | 0 | 0 | 0 | 
 | 0 | 0 | 0 | 0 | 0 | 0 | 0 | 
 | 0 | 0 | 0 | 0 | 0 | 0 | 0 | 
 | 0 | 0 | 0 | 0 | 0 | 0 | 0 | 
 | 0 | 0 | 0 | 0 | 0 | 0 | 0 | 
 | 0 | 0 | 0 | 0 | 0 | 1 | 0 | 
 | 

tempo em milisegundos 201


Chewbacca jogou.
Duração da jogada = 0 s

 | 0 | 0 | 0 | 0 | 0 | 0 | 0 | 
 | 0 | 0 | 0 | 0 | 0 | 0 | 0 | 
 | 0 | 0 | 0 | 0 | 0 | 0 | 0 | 
 | 0 | 0 | 0 | 0 | 0 | 0 | 0 | 
 | 0 | 0 | 0 | 0 | 0 | 0 | 0 | 
 | 0 | 0 | 0 | 0 | 0 | 0 | 0 | 
 | 0 | 0 | 0 | 2 | 0 | 1 | 0 | 
 | 

Aletório jogou.
Duração da jogada = 0 s

 | 0 | 0 | 0 | 0 | 0 | 0 | 0 | 
 | 0 | 0 | 0 | 0 | 0 | 0 | 0 | 
 | 0 | 0 | 0 | 0 | 0 | 0 | 0 | 
 | 0 | 0 | 0 | 0 | 0 | 0 | 0 | 
 | 0 | 0 | 0 | 0 | 0 | 0 | 0 | 
 | 0 | 0 | 0 | 0 | 0 | 0 | 0 | 
 | 0 | 0 | 1 | 2 | 0 | 1 | 0 | 
 | 

tempo em milisegundos 217


Chewbacca jogou.
Duração da jogada = 0 s

 | 0 | 0 | 0 | 0 | 0 | 0 | 0 | 
 | 0 | 0 | 0 | 0 | 0 | 0 | 0 | 
 | 0 | 0 | 0 | 0 | 0 | 0 | 0 | 
 | 0 | 0 | 0 | 0 | 0 | 0 | 0 | 
 | 0 | 0 | 0 | 0 | 0 | 0 | 0 | 
 | 0 | 0 | 2 | 0 | 0 | 0 | 0 | 
 | 0 | 0 | 1 | 2 | 0 | 1 | 0 | 
 | 

Aletório jogou.
Duração da jogada = 0 s

 | 0 | 0 | 0 | 0 | 0 | 0 | 0 | 
 | 0 | 0 | 0 | 0 | 0 | 0 | 0 | 
 | 0 | 0 | 0 | 0 | 0 | 0 | 0 | 
 | 0 | 0 | 0 | 0 | 0 | 0 | 0 | 
 | 0 | 0 | 0 | 0 | 0 | 0 | 0 | 
 | 0 | 0 | 2 | 0 | 0 | 1 | 0 | 
 | 0 | 0 | 1 | 2 | 0 | 1 | 0 | 
 | 

tempo em milisegundos 267


Chewbacca jogou.
Duração da jogada = 0 s

 | 0 | 0 | 0 | 0 | 0 | 0 | 0 | 
 | 0 | 0 | 0 | 0 | 0 | 0 | 0 | 
 | 0 | 0 | 0 | 0 | 0 | 0 | 0 | 
 | 0 | 0 | 0 | 0 | 0 | 0 | 0 | 
 | 0 | 0 | 0 | 0 | 0 | 0 | 0 | 
 | 0 | 0 | 2 | 0 | 0 | 1 | 0 | 
 | 2 | 0 | 1 | 2 | 0 | 1 | 0 | 
 | 

Aletório jogou.
Duração da jogada = 0 s

 | 0 | 0 | 0 | 0 | 0 | 0 | 0 | 
 | 0 | 0 | 0 | 0 | 0 | 0 | 0 | 
 | 0 | 0 | 0 | 0 | 0 | 0 | 0 | 
 | 0 | 0 | 0 | 0 | 0 | 0 | 0 | 
 | 0 | 0 | 0 | 0 | 0 | 0 | 0 | 
 | 0 | 0 | 2 | 0 | 0 | 1 | 0 | 
 | 2 | 0 | 1 | 2 | 1 | 1 | 0 | 
 | 

tempo em milisegundos 277


Chewbacca jogou.
Duração da jogada = 0 s

 | 0 | 0 | 0 | 0 | 0 | 0 | 0 | 
 | 0 | 0 | 0 | 0 | 0 | 0 | 0 | 
 | 0 | 0 | 0 | 0 | 0 | 0 | 0 | 
 | 0 | 0 | 0 | 0 | 0 | 0 | 0 | 
 | 0 | 0 | 0 | 0 | 0 | 2 | 0 | 
 | 0 | 0 | 2 | 0 | 0 | 1 | 0 | 
 | 2 | 0 | 1 | 2 | 1 | 1 | 0 | 
 | 

Aletório jogou.
Duração da jogada = 0 s

 | 0 | 0 | 0 | 0 | 0 | 0 | 0 | 
 | 0 | 0 | 0 | 0 | 0 | 0 | 0 | 
 | 0 | 0 | 0 | 0 | 0 | 0 | 0 | 
 | 0 | 0 | 0 | 0 | 0 | 1 | 0 | 
 | 0 | 0 | 0 | 0 | 0 | 2 | 0 | 
 | 0 | 0 | 2 | 0 | 0 | 1 | 0 | 
 | 2 | 0 | 1 | 2 | 1 | 1 | 0 | 
 | 

tempo em milisegundos 288


Chewbacca jogou.
Duração da jogada = 0 s

 | 0 | 0 | 0 | 0 | 0 | 0 | 0 | 
 | 0 | 0 | 0 | 0 | 0 | 0 | 0 | 
 | 0 | 0 | 0 | 0 | 0 | 0 | 0 | 
 | 0 | 0 | 0 | 0 | 0 | 1 | 0 | 
 | 0 | 0 | 0 | 0 | 0 | 2 | 0 | 
 | 0 | 0 | 2 | 0 | 2 | 1 | 0 | 
 | 2 | 0 | 1 | 2 | 1 | 1 | 0 | 
 | 

Aletório jogou.
Duração da jogada = 0 s

 | 0 | 0 | 0 | 0 | 0 | 0 | 0 | 
 | 0 | 0 | 0 | 0 | 0 | 0 | 0 | 
 | 0 | 0 | 0 | 0 | 0 | 0 | 0 | 
 | 0 | 0 | 0 | 0 | 0 | 1 | 0 | 
 | 0 | 0 | 0 | 0 | 0 | 2 | 0 | 
 | 0 | 0 | 2 | 1 | 2 | 1 | 0 | 
 | 2 | 0 | 1 | 2 | 1 | 1 | 0 | 
 | 

tempo em milisegundos 305


Chewbacca jogou.
Duração da jogada = 0 s

 | 0 | 0 | 0 | 0 | 0 | 0 | 0 | 
 | 0 | 0 | 0 | 0 | 0 | 0 | 0 | 
 | 0 | 0 | 0 | 0 | 0 | 0 | 0 | 
 | 0 | 0 | 0 | 0 | 0 | 1 | 0 | 
 | 0 | 0 | 0 | 0 | 2 | 2 | 0 | 
 | 0 | 0 | 2 | 1 | 2 | 1 | 0 | 
 | 2 | 0 | 1 | 2 | 1 | 1 | 0 | 
 | 

Aletório jogou.
Duração da jogada = 0 s

 | 0 | 0 | 0 | 0 | 0 | 0 | 0 | 
 | 0 | 0 | 0 | 0 | 0 | 0 | 0 | 
 | 0 | 0 | 0 | 0 | 0 | 1 | 0 | 
 | 0 | 0 | 0 | 0 | 0 | 1 | 0 | 
 | 0 | 0 | 0 | 0 | 2 | 2 | 0 | 
 | 0 | 0 | 2 | 1 | 2 | 1 | 0 | 
 | 2 | 0 | 1 | 2 | 1 | 1 | 0 | 
 | 

tempo em milisegundos 317


Chewbacca jogou.
Duração da jogada = 0 s

 | 0 | 0 | 0 | 0 | 0 | 0 | 0 | 
 | 0 | 0 | 0 | 0 | 0 | 2 | 0 | 
 | 0 | 0 | 0 | 0 | 0 | 1 | 0 | 
 | 0 | 0 | 0 | 0 | 0 | 1 | 0 | 
 | 0 | 0 | 0 | 0 | 2 | 2 | 0 | 
 | 0 | 0 | 2 | 1 | 2 | 1 | 0 | 
 | 2 | 0 | 1 | 2 | 1 | 1 | 0 | 
 | 

Aletório jogou.
Duração da jogada = 0 s

 | 0 | 0 | 0 | 0 | 0 | 0 | 0 | 
 | 0 | 0 | 0 | 0 | 0 | 2 | 0 | 
 | 0 | 0 | 0 | 0 | 0 | 1 | 0 | 
 | 0 | 0 | 0 | 0 | 0 | 1 | 0 | 
 | 0 | 0 | 0 | 0 | 2 | 2 | 0 | 
 | 1 | 0 | 2 | 1 | 2 | 1 | 0 | 
 | 2 | 0 | 1 | 2 | 1 | 1 | 0 | 
 | 

tempo em milisegundos 338


Chewbacca jogou.
Duração da jogada = 0 s

 | 0 | 0 | 0 | 0 | 0 | 0 | 0 | 
 | 0 | 0 | 0 | 0 | 0 | 2 | 0 | 
 | 0 | 0 | 0 | 0 | 0 | 1 | 0 | 
 | 0 | 0 | 0 | 0 | 0 | 1 | 0 | 
 | 0 | 0 | 2 | 0 | 2 | 2 | 0 | 
 | 1 | 0 | 2 | 1 | 2 | 1 | 0 | 
 | 2 | 0 | 1 | 2 | 1 | 1 | 0 | 
 | 

Aletório jogou.
Duração da jogada = 0 s

 | 0 | 0 | 0 | 0 | 0 | 1 | 0 | 
 | 0 | 0 | 0 | 0 | 0 | 2 | 0 | 
 | 0 | 0 | 0 | 0 | 0 | 1 | 0 | 
 | 0 | 0 | 0 | 0 | 0 | 1 | 0 | 
 | 0 | 0 | 2 | 0 | 2 | 2 | 0 | 
 | 1 | 0 | 2 | 1 | 2 | 1 | 0 | 
 | 2 | 0 | 1 | 2 | 1 | 1 | 0 | 
 | 

tempo em milisegundos 345


Chewbacca jogou.
Duração da jogada = 0 s

 | 0 | 0 | 0 | 0 | 0 | 1 | 0 | 
 | 0 | 0 | 0 | 0 | 0 | 2 | 0 | 
 | 0 | 0 | 0 | 0 | 0 | 1 | 0 | 
 | 0 | 0 | 0 | 0 | 0 | 1 | 0 | 
 | 0 | 0 | 2 | 2 | 2 | 2 | 0 | 
 | 1 | 0 | 2 | 1 | 2 | 1 | 0 | 
 | 2 | 0 | 1 | 2 | 1 | 1 | 0 | 
 | 
Aletório perdeu Chewbacca venceu

Novo jogo entre Chewbacca  Aletório

tempo em milisegundos 351


Chewbacca jogou.
Duração da jogada = 0 s

 | 0 | 0 | 0 | 0 | 0 | 0 | 0 | 
 | 0 | 0 | 0 | 0 | 0 | 0 | 0 | 
 | 0 | 0 | 0 | 0 | 0 | 0 | 0 | 
 | 0 | 0 | 0 | 0 | 0 | 0 | 0 | 
 | 0 | 0 | 0 | 0 | 0 | 0 | 0 | 
 | 0 | 0 | 0 | 0 | 0 | 0 | 0 | 
 | 0 | 0 | 0 | 1 | 0 | 0 | 0 | 
 | 

Aletório jogou.
Duração da jogada = 0 s

 | 0 | 0 | 0 | 0 | 0 | 0 | 0 | 
 | 0 | 0 | 0 | 0 | 0 | 0 | 0 | 
 | 0 | 0 | 0 | 0 | 0 | 0 | 0 | 
 | 0 | 0 | 0 | 0 | 0 | 0 | 0 | 
 | 0 | 0 | 0 | 0 | 0 | 0 | 0 | 
 | 0 | 0 | 0 | 0 | 0 | 0 | 0 | 
 | 0 | 0 | 0 | 1 | 2 | 0 | 0 | 
 | 

tempo em milisegundos 358


Chewbacca jogou.
Duração da jogada = 0 s

 | 0 | 0 | 0 | 0 | 0 | 0 | 0 | 
 | 0 | 0 | 0 | 0 | 0 | 0 | 0 | 
 | 0 | 0 | 0 | 0 | 0 | 0 | 0 | 
 | 0 | 0 | 0 | 0 | 0 | 0 | 0 | 
 | 0 | 0 | 0 | 0 | 0 | 0 | 0 | 
 | 0 | 0 | 0 | 0 | 1 | 0 | 0 | 
 | 0 | 0 | 0 | 1 | 2 | 0 | 0 | 
 | 

Aletório jogou.
Duração da jogada = 0 s

 | 0 | 0 | 0 | 0 | 0 | 0 | 0 | 
 | 0 | 0 | 0 | 0 | 0 | 0 | 0 | 
 | 0 | 0 | 0 | 0 | 0 | 0 | 0 | 
 | 0 | 0 | 0 | 0 | 0 | 0 | 0 | 
 | 0 | 0 | 0 | 0 | 0 | 0 | 0 | 
 | 0 | 0 | 0 | 0 | 1 | 0 | 0 | 
 | 0 | 0 | 2 | 1 | 2 | 0 | 0 | 
 | 

tempo em milisegundos 369


Chewbacca jogou.
Duração da jogada = 0 s

 | 0 | 0 | 0 | 0 | 0 | 0 | 0 | 
 | 0 | 0 | 0 | 0 | 0 | 0 | 0 | 
 | 0 | 0 | 0 | 0 | 0 | 0 | 0 | 
 | 0 | 0 | 0 | 0 | 0 | 0 | 0 | 
 | 0 | 0 | 0 | 0 | 0 | 0 | 0 | 
 | 0 | 0 | 1 | 0 | 1 | 0 | 0 | 
 | 0 | 0 | 2 | 1 | 2 | 0 | 0 | 
 | 

Aletório jogou.
Duração da jogada = 0 s

 | 0 | 0 | 0 | 0 | 0 | 0 | 0 | 
 | 0 | 0 | 0 | 0 | 0 | 0 | 0 | 
 | 0 | 0 | 0 | 0 | 0 | 0 | 0 | 
 | 0 | 0 | 0 | 0 | 0 | 0 | 0 | 
 | 0 | 0 | 0 | 0 | 0 | 0 | 0 | 
 | 0 | 0 | 1 | 0 | 1 | 0 | 0 | 
 | 0 | 2 | 2 | 1 | 2 | 0 | 0 | 
 | 

tempo em milisegundos 377


Chewbacca jogou.
Duração da jogada = 0 s

 | 0 | 0 | 0 | 0 | 0 | 0 | 0 | 
 | 0 | 0 | 0 | 0 | 0 | 0 | 0 | 
 | 0 | 0 | 0 | 0 | 0 | 0 | 0 | 
 | 0 | 0 | 0 | 0 | 0 | 0 | 0 | 
 | 0 | 0 | 0 | 0 | 0 | 0 | 0 | 
 | 0 | 1 | 1 | 0 | 1 | 0 | 0 | 
 | 0 | 2 | 2 | 1 | 2 | 0 | 0 | 
 | 

Aletório jogou.
Duração da jogada = 0 s

 | 0 | 0 | 0 | 0 | 0 | 0 | 0 | 
 | 0 | 0 | 0 | 0 | 0 | 0 | 0 | 
 | 0 | 0 | 0 | 0 | 0 | 0 | 0 | 
 | 0 | 0 | 0 | 0 | 0 | 0 | 0 | 
 | 0 | 0 | 0 | 0 | 0 | 0 | 0 | 
 | 0 | 1 | 1 | 2 | 1 | 0 | 0 | 
 | 0 | 2 | 2 | 1 | 2 | 0 | 0 | 
 | 

tempo em milisegundos 387


Chewbacca jogou.
Duração da jogada = 0 s

 | 0 | 0 | 0 | 0 | 0 | 0 | 0 | 
 | 0 | 0 | 0 | 0 | 0 | 0 | 0 | 
 | 0 | 0 | 0 | 0 | 0 | 0 | 0 | 
 | 0 | 0 | 0 | 0 | 0 | 0 | 0 | 
 | 0 | 0 | 0 | 1 | 0 | 0 | 0 | 
 | 0 | 1 | 1 | 2 | 1 | 0 | 0 | 
 | 0 | 2 | 2 | 1 | 2 | 0 | 0 | 
 | 

Aletório jogou.
Duração da jogada = 0 s

 | 0 | 0 | 0 | 0 | 0 | 0 | 0 | 
 | 0 | 0 | 0 | 0 | 0 | 0 | 0 | 
 | 0 | 0 | 0 | 0 | 0 | 0 | 0 | 
 | 0 | 0 | 0 | 0 | 0 | 0 | 0 | 
 | 0 | 0 | 0 | 1 | 0 | 0 | 0 | 
 | 0 | 1 | 1 | 2 | 1 | 0 | 0 | 
 | 2 | 2 | 2 | 1 | 2 | 0 | 0 | 
 | 

tempo em milisegundos 401


Chewbacca jogou.
Duração da jogada = 0 s

 | 0 | 0 | 0 | 0 | 0 | 0 | 0 | 
 | 0 | 0 | 0 | 0 | 0 | 0 | 0 | 
 | 0 | 0 | 0 | 0 | 0 | 0 | 0 | 
 | 0 | 0 | 0 | 0 | 0 | 0 | 0 | 
 | 0 | 0 | 0 | 1 | 0 | 0 | 0 | 
 | 1 | 1 | 1 | 2 | 1 | 0 | 0 | 
 | 2 | 2 | 2 | 1 | 2 | 0 | 0 | 
 | 

Aletório jogou.
Duração da jogada = 0 s

 | 0 | 0 | 0 | 0 | 0 | 0 | 0 | 
 | 0 | 0 | 0 | 0 | 0 | 0 | 0 | 
 | 0 | 0 | 0 | 0 | 0 | 0 | 0 | 
 | 0 | 0 | 0 | 0 | 0 | 0 | 0 | 
 | 0 | 0 | 0 | 1 | 0 | 0 | 0 | 
 | 1 | 1 | 1 | 2 | 1 | 0 | 0 | 
 | 2 | 2 | 2 | 1 | 2 | 0 | 2 | 
 | 

tempo em milisegundos 414


Chewbacca jogou.
Duração da jogada = 0 s

 | 0 | 0 | 0 | 0 | 0 | 0 | 0 | 
 | 0 | 0 | 0 | 0 | 0 | 0 | 0 | 
 | 0 | 0 | 0 | 0 | 0 | 0 | 0 | 
 | 0 | 0 | 0 | 0 | 0 | 0 | 0 | 
 | 0 | 0 | 1 | 1 | 0 | 0 | 0 | 
 | 1 | 1 | 1 | 2 | 1 | 0 | 0 | 
 | 2 | 2 | 2 | 1 | 2 | 0 | 2 | 
 | 

Aletório jogou.
Duração da jogada = 0 s

 | 0 | 0 | 0 | 0 | 0 | 0 | 0 | 
 | 0 | 0 | 0 | 0 | 0 | 0 | 0 | 
 | 0 | 0 | 0 | 0 | 0 | 0 | 0 | 
 | 0 | 0 | 0 | 0 | 0 | 0 | 0 | 
 | 2 | 0 | 1 | 1 | 0 | 0 | 0 | 
 | 1 | 1 | 1 | 2 | 1 | 0 | 0 | 
 | 2 | 2 | 2 | 1 | 2 | 0 | 2 | 
 | 

tempo em milisegundos 433


Chewbacca jogou.
Duração da jogada = 0 s

 | 0 | 0 | 0 | 0 | 0 | 0 | 0 | 
 | 0 | 0 | 0 | 0 | 0 | 0 | 0 | 
 | 0 | 0 | 0 | 0 | 0 | 0 | 0 | 
 | 0 | 0 | 0 | 0 | 0 | 0 | 0 | 
 | 2 | 1 | 1 | 1 | 0 | 0 | 0 | 
 | 1 | 1 | 1 | 2 | 1 | 0 | 0 | 
 | 2 | 2 | 2 | 1 | 2 | 0 | 2 | 
 | 

Aletório jogou.
Duração da jogada = 0 s

 | 0 | 0 | 0 | 0 | 0 | 0 | 0 | 
 | 0 | 0 | 0 | 0 | 0 | 0 | 0 | 
 | 0 | 0 | 0 | 0 | 0 | 0 | 0 | 
 | 2 | 0 | 0 | 0 | 0 | 0 | 0 | 
 | 2 | 1 | 1 | 1 | 0 | 0 | 0 | 
 | 1 | 1 | 1 | 2 | 1 | 0 | 0 | 
 | 2 | 2 | 2 | 1 | 2 | 0 | 2 | 
 | 

tempo em milisegundos 441


Chewbacca jogou.
Duração da jogada = 0 s

 | 0 | 0 | 0 | 0 | 0 | 0 | 0 | 
 | 0 | 0 | 0 | 0 | 0 | 0 | 0 | 
 | 0 | 0 | 0 | 0 | 0 | 0 | 0 | 
 | 2 | 0 | 1 | 0 | 0 | 0 | 0 | 
 | 2 | 1 | 1 | 1 | 0 | 0 | 0 | 
 | 1 | 1 | 1 | 2 | 1 | 0 | 0 | 
 | 2 | 2 | 2 | 1 | 2 | 0 | 2 | 
 | 

Aletório jogou.
Duração da jogada = 0 s

 | 0 | 0 | 0 | 0 | 0 | 0 | 0 | 
 | 0 | 0 | 0 | 0 | 0 | 0 | 0 | 
 | 2 | 0 | 0 | 0 | 0 | 0 | 0 | 
 | 2 | 0 | 1 | 0 | 0 | 0 | 0 | 
 | 2 | 1 | 1 | 1 | 0 | 0 | 0 | 
 | 1 | 1 | 1 | 2 | 1 | 0 | 0 | 
 | 2 | 2 | 2 | 1 | 2 | 0 | 2 | 
 | 

tempo em milisegundos 444


Chewbacca jogou.
Duração da jogada = 0 s

 | 0 | 0 | 0 | 0 | 0 | 0 | 0 | 
 | 0 | 0 | 0 | 0 | 0 | 0 | 0 | 
 | 2 | 0 | 0 | 0 | 0 | 0 | 0 | 
 | 2 | 0 | 1 | 0 | 0 | 0 | 0 | 
 | 2 | 1 | 1 | 1 | 1 | 0 | 0 | 
 | 1 | 1 | 1 | 2 | 1 | 0 | 0 | 
 | 2 | 2 | 2 | 1 | 2 | 0 | 2 | 
 | 
Chewbacca venceu Aletório perdeu

Novo jogo entre Alastor  IdeiaFix

Alastor jogou.
Duração da jogada = 0 s

 | 0 | 0 | 0 | 0 | 0 | 0 | 0 | 
 | 0 | 0 | 0 | 0 | 0 | 0 | 0 | 
 | 0 | 0 | 0 | 0 | 0 | 0 | 0 | 
 | 0 | 0 | 0 | 0 | 0 | 0 | 0 | 
 | 0 | 0 | 0 | 0 | 0 | 0 | 0 | 
 | 0 | 0 | 0 | 0 | 0 | 0 | 0 | 
 | 0 | 0 | 0 | 1 | 0 | 0 | 0 | 
 | 

IdeiaFix jogou.
Duração da jogada = 0 s

 | 0 | 0 | 0 | 0 | 0 | 0 | 0 | 
 | 0 | 0 | 0 | 0 | 0 | 0 | 0 | 
 | 0 | 0 | 0 | 0 | 0 | 0 | 0 | 
 | 0 | 0 | 0 | 0 | 0 | 0 | 0 | 
 | 0 | 0 | 0 | 0 | 0 | 0 | 0 | 
 | 0 | 0 | 0 | 2 | 0 | 0 | 0 | 
 | 0 | 0 | 0 | 1 | 0 | 0 | 0 | 
 | 

Alastor jogou.
Duração da jogada = 0 s

 | 0 | 0 | 0 | 0 | 0 | 0 | 0 | 
 | 0 | 0 | 0 | 0 | 0 | 0 | 0 | 
 | 0 | 0 | 0 | 0 | 0 | 0 | 0 | 
 | 0 | 0 | 0 | 0 | 0 | 0 | 0 | 
 | 0 | 0 | 0 | 1 | 0 | 0 | 0 | 
 | 0 | 0 | 0 | 2 | 0 | 0 | 0 | 
 | 0 | 0 | 0 | 1 | 0 | 0 | 0 | 
 | 

IdeiaFix jogou.
Duração da jogada = 0 s

 | 0 | 0 | 0 | 0 | 0 | 0 | 0 | 
 | 0 | 0 | 0 | 0 | 0 | 0 | 0 | 
 | 0 | 0 | 0 | 0 | 0 | 0 | 0 | 
 | 0 | 0 | 0 | 2 | 0 | 0 | 0 | 
 | 0 | 0 | 0 | 1 | 0 | 0 | 0 | 
 | 0 | 0 | 0 | 2 | 0 | 0 | 0 | 
 | 0 | 0 | 0 | 1 | 0 | 0 | 0 | 
 | 

Alastor jogou.
Duração da jogada = 0 s

 | 0 | 0 | 0 | 0 | 0 | 0 | 0 | 
 | 0 | 0 | 0 | 0 | 0 | 0 | 0 | 
 | 0 | 0 | 0 | 1 | 0 | 0 | 0 | 
 | 0 | 0 | 0 | 2 | 0 | 0 | 0 | 
 | 0 | 0 | 0 | 1 | 0 | 0 | 0 | 
 | 0 | 0 | 0 | 2 | 0 | 0 | 0 | 
 | 0 | 0 | 0 | 1 | 0 | 0 | 0 | 
 | 

IdeiaFix jogou.
Duração da jogada = 0 s

 | 0 | 0 | 0 | 0 | 0 | 0 | 0 | 
 | 0 | 0 | 0 | 0 | 0 | 0 | 0 | 
 | 0 | 0 | 0 | 1 | 0 | 0 | 0 | 
 | 0 | 0 | 0 | 2 | 0 | 0 | 0 | 
 | 0 | 0 | 0 | 1 | 0 | 0 | 0 | 
 | 0 | 0 | 0 | 2 | 0 | 0 | 0 | 
 | 0 | 0 | 0 | 1 | 2 | 0 | 0 | 
 | 

Alastor jogou.
Duração da jogada = 0 s

 | 0 | 0 | 0 | 0 | 0 | 0 | 0 | 
 | 0 | 0 | 0 | 0 | 0 | 0 | 0 | 
 | 0 | 0 | 0 | 1 | 0 | 0 | 0 | 
 | 0 | 0 | 0 | 2 | 0 | 0 | 0 | 
 | 0 | 0 | 0 | 1 | 0 | 0 | 0 | 
 | 0 | 0 | 0 | 2 | 1 | 0 | 0 | 
 | 0 | 0 | 0 | 1 | 2 | 0 | 0 | 
 | 

IdeiaFix jogou.
Duração da jogada = 0 s

 | 0 | 0 | 0 | 0 | 0 | 0 | 0 | 
 | 0 | 0 | 0 | 0 | 0 | 0 | 0 | 
 | 0 | 0 | 0 | 1 | 0 | 0 | 0 | 
 | 0 | 0 | 0 | 2 | 0 | 0 | 0 | 
 | 0 | 0 | 0 | 1 | 2 | 0 | 0 | 
 | 0 | 0 | 0 | 2 | 1 | 0 | 0 | 
 | 0 | 0 | 0 | 1 | 2 | 0 | 0 | 
 | 

Alastor jogou.
Duração da jogada = 1 s

 | 0 | 0 | 0 | 0 | 0 | 0 | 0 | 
 | 0 | 0 | 0 | 0 | 0 | 0 | 0 | 
 | 0 | 0 | 0 | 1 | 0 | 0 | 0 | 
 | 0 | 0 | 0 | 2 | 1 | 0 | 0 | 
 | 0 | 0 | 0 | 1 | 2 | 0 | 0 | 
 | 0 | 0 | 0 | 2 | 1 | 0 | 0 | 
 | 0 | 0 | 0 | 1 | 2 | 0 | 0 | 
 | 

IdeiaFix jogou.
Duração da jogada = 0 s

 | 0 | 0 | 0 | 0 | 0 | 0 | 0 | 
 | 0 | 0 | 0 | 0 | 0 | 0 | 0 | 
 | 0 | 0 | 0 | 1 | 2 | 0 | 0 | 
 | 0 | 0 | 0 | 2 | 1 | 0 | 0 | 
 | 0 | 0 | 0 | 1 | 2 | 0 | 0 | 
 | 0 | 0 | 0 | 2 | 1 | 0 | 0 | 
 | 0 | 0 | 0 | 1 | 2 | 0 | 0 | 
 | 

Alastor jogou.
Duração da jogada = 1 s

 | 0 | 0 | 0 | 0 | 0 | 0 | 0 | 
 | 0 | 0 | 0 | 0 | 0 | 0 | 0 | 
 | 0 | 0 | 0 | 1 | 2 | 0 | 0 | 
 | 0 | 0 | 0 | 2 | 1 | 0 | 0 | 
 | 0 | 0 | 0 | 1 | 2 | 0 | 0 | 
 | 0 | 0 | 0 | 2 | 1 | 0 | 0 | 
 | 0 | 1 | 0 | 1 | 2 | 0 | 0 | 
 | 

IdeiaFix jogou.
Duração da jogada = 0 s

 | 0 | 0 | 0 | 0 | 0 | 0 | 0 | 
 | 0 | 0 | 0 | 0 | 0 | 0 | 0 | 
 | 0 | 0 | 0 | 1 | 2 | 0 | 0 | 
 | 0 | 0 | 0 | 2 | 1 | 0 | 0 | 
 | 0 | 0 | 0 | 1 | 2 | 0 | 0 | 
 | 0 | 0 | 0 | 2 | 1 | 0 | 0 | 
 | 2 | 1 | 0 | 1 | 2 | 0 | 0 | 
 | 

Alastor jogou.
Duração da jogada = 1 s

 | 0 | 0 | 0 | 0 | 0 | 0 | 0 | 
 | 0 | 0 | 0 | 0 | 0 | 0 | 0 | 
 | 0 | 0 | 0 | 1 | 2 | 0 | 0 | 
 | 0 | 0 | 0 | 2 | 1 | 0 | 0 | 
 | 0 | 0 | 0 | 1 | 2 | 0 | 0 | 
 | 0 | 1 | 0 | 2 | 1 | 0 | 0 | 
 | 2 | 1 | 0 | 1 | 2 | 0 | 0 | 
 | 

IdeiaFix jogou.
Duração da jogada = 0 s

 | 0 | 0 | 0 | 0 | 0 | 0 | 0 | 
 | 0 | 0 | 0 | 2 | 0 | 0 | 0 | 
 | 0 | 0 | 0 | 1 | 2 | 0 | 0 | 
 | 0 | 0 | 0 | 2 | 1 | 0 | 0 | 
 | 0 | 0 | 0 | 1 | 2 | 0 | 0 | 
 | 0 | 1 | 0 | 2 | 1 | 0 | 0 | 
 | 2 | 1 | 0 | 1 | 2 | 0 | 0 | 
 | 

Alastor jogou.
Duração da jogada = 0 s

 | 0 | 0 | 0 | 0 | 0 | 0 | 0 | 
 | 0 | 0 | 0 | 2 | 0 | 0 | 0 | 
 | 0 | 0 | 0 | 1 | 2 | 0 | 0 | 
 | 0 | 0 | 0 | 2 | 1 | 0 | 0 | 
 | 0 | 0 | 0 | 1 | 2 | 0 | 0 | 
 | 0 | 1 | 0 | 2 | 1 | 0 | 0 | 
 | 2 | 1 | 0 | 1 | 2 | 0 | 1 | 
 | 

IdeiaFix jogou.
Duração da jogada = 0 s

 | 0 | 0 | 0 | 0 | 0 | 0 | 0 | 
 | 0 | 0 | 0 | 2 | 2 | 0 | 0 | 
 | 0 | 0 | 0 | 1 | 2 | 0 | 0 | 
 | 0 | 0 | 0 | 2 | 1 | 0 | 0 | 
 | 0 | 0 | 0 | 1 | 2 | 0 | 0 | 
 | 0 | 1 | 0 | 2 | 1 | 0 | 0 | 
 | 2 | 1 | 0 | 1 | 2 | 0 | 1 | 
 | 

Alastor jogou.
Duração da jogada = 0 s

 | 0 | 0 | 0 | 0 | 0 | 0 | 0 | 
 | 0 | 0 | 0 | 2 | 2 | 0 | 0 | 
 | 0 | 0 | 0 | 1 | 2 | 0 | 0 | 
 | 0 | 0 | 0 | 2 | 1 | 0 | 0 | 
 | 0 | 0 | 0 | 1 | 2 | 0 | 0 | 
 | 0 | 1 | 0 | 2 | 1 | 0 | 0 | 
 | 2 | 1 | 0 | 1 | 2 | 1 | 1 | 
 | 

IdeiaFix jogou.
Duração da jogada = 0 s

 | 0 | 0 | 0 | 2 | 0 | 0 | 0 | 
 | 0 | 0 | 0 | 2 | 2 | 0 | 0 | 
 | 0 | 0 | 0 | 1 | 2 | 0 | 0 | 
 | 0 | 0 | 0 | 2 | 1 | 0 | 0 | 
 | 0 | 0 | 0 | 1 | 2 | 0 | 0 | 
 | 0 | 1 | 0 | 2 | 1 | 0 | 0 | 
 | 2 | 1 | 0 | 1 | 2 | 1 | 1 | 
 | 

Alastor jogou.
Duração da jogada = 0 s

 | 0 | 0 | 0 | 2 | 0 | 0 | 0 | 
 | 0 | 0 | 0 | 2 | 2 | 0 | 0 | 
 | 0 | 0 | 0 | 1 | 2 | 0 | 0 | 
 | 0 | 0 | 0 | 2 | 1 | 0 | 0 | 
 | 0 | 0 | 0 | 1 | 2 | 0 | 0 | 
 | 0 | 1 | 0 | 2 | 1 | 0 | 1 | 
 | 2 | 1 | 0 | 1 | 2 | 1 | 1 | 
 | 

IdeiaFix jogou.
Duração da jogada = 0 s

 | 0 | 0 | 0 | 2 | 2 | 0 | 0 | 
 | 0 | 0 | 0 | 2 | 2 | 0 | 0 | 
 | 0 | 0 | 0 | 1 | 2 | 0 | 0 | 
 | 0 | 0 | 0 | 2 | 1 | 0 | 0 | 
 | 0 | 0 | 0 | 1 | 2 | 0 | 0 | 
 | 0 | 1 | 0 | 2 | 1 | 0 | 1 | 
 | 2 | 1 | 0 | 1 | 2 | 1 | 1 | 
 | 

Alastor jogou.
Duração da jogada = 0 s

 | 0 | 0 | 0 | 2 | 2 | 0 | 0 | 
 | 0 | 0 | 0 | 2 | 2 | 0 | 0 | 
 | 0 | 0 | 0 | 1 | 2 | 0 | 0 | 
 | 0 | 0 | 0 | 2 | 1 | 0 | 0 | 
 | 0 | 0 | 0 | 1 | 2 | 0 | 0 | 
 | 1 | 1 | 0 | 2 | 1 | 0 | 1 | 
 | 2 | 1 | 0 | 1 | 2 | 1 | 1 | 
 | 

IdeiaFix jogou.
Duração da jogada = 0 s

 | 0 | 0 | 0 | 2 | 2 | 0 | 0 | 
 | 0 | 0 | 0 | 2 | 2 | 0 | 0 | 
 | 0 | 0 | 0 | 1 | 2 | 0 | 0 | 
 | 0 | 0 | 0 | 2 | 1 | 0 | 0 | 
 | 0 | 2 | 0 | 1 | 2 | 0 | 0 | 
 | 1 | 1 | 0 | 2 | 1 | 0 | 1 | 
 | 2 | 1 | 0 | 1 | 2 | 1 | 1 | 
 | 

Alastor jogou.
Duração da jogada = 0 s

 | 0 | 0 | 0 | 2 | 2 | 0 | 0 | 
 | 0 | 0 | 0 | 2 | 2 | 0 | 0 | 
 | 0 | 0 | 0 | 1 | 2 | 0 | 0 | 
 | 0 | 0 | 0 | 2 | 1 | 0 | 0 | 
 | 0 | 2 | 0 | 1 | 2 | 0 | 0 | 
 | 1 | 1 | 0 | 2 | 1 | 0 | 1 | 
 | 2 | 1 | 1 | 1 | 2 | 1 | 1 | 
 | 

IdeiaFix jogou.
Duração da jogada = 0 s

 | 0 | 0 | 0 | 2 | 2 | 0 | 0 | 
 | 0 | 0 | 0 | 2 | 2 | 0 | 0 | 
 | 0 | 0 | 0 | 1 | 2 | 0 | 0 | 
 | 0 | 0 | 0 | 2 | 1 | 0 | 0 | 
 | 0 | 2 | 0 | 1 | 2 | 0 | 0 | 
 | 1 | 1 | 2 | 2 | 1 | 0 | 1 | 
 | 2 | 1 | 1 | 1 | 2 | 1 | 1 | 
 | 

Alastor jogou.
Duração da jogada = 0 s

 | 0 | 0 | 0 | 2 | 2 | 0 | 0 | 
 | 0 | 0 | 0 | 2 | 2 | 0 | 0 | 
 | 0 | 0 | 0 | 1 | 2 | 0 | 0 | 
 | 0 | 1 | 0 | 2 | 1 | 0 | 0 | 
 | 0 | 2 | 0 | 1 | 2 | 0 | 0 | 
 | 1 | 1 | 2 | 2 | 1 | 0 | 1 | 
 | 2 | 1 | 1 | 1 | 2 | 1 | 1 | 
 | 

IdeiaFix jogou.
Duração da jogada = 0 s

 | 0 | 0 | 0 | 2 | 2 | 0 | 0 | 
 | 0 | 0 | 0 | 2 | 2 | 0 | 0 | 
 | 0 | 2 | 0 | 1 | 2 | 0 | 0 | 
 | 0 | 1 | 0 | 2 | 1 | 0 | 0 | 
 | 0 | 2 | 0 | 1 | 2 | 0 | 0 | 
 | 1 | 1 | 2 | 2 | 1 | 0 | 1 | 
 | 2 | 1 | 1 | 1 | 2 | 1 | 1 | 
 | 

Alastor jogou.
Duração da jogada = 0 s

 | 0 | 0 | 0 | 2 | 2 | 0 | 0 | 
 | 0 | 1 | 0 | 2 | 2 | 0 | 0 | 
 | 0 | 2 | 0 | 1 | 2 | 0 | 0 | 
 | 0 | 1 | 0 | 2 | 1 | 0 | 0 | 
 | 0 | 2 | 0 | 1 | 2 | 0 | 0 | 
 | 1 | 1 | 2 | 2 | 1 | 0 | 1 | 
 | 2 | 1 | 1 | 1 | 2 | 1 | 1 | 
 | 

IdeiaFix jogou.
Duração da jogada = 0 s

 | 0 | 2 | 0 | 2 | 2 | 0 | 0 | 
 | 0 | 1 | 0 | 2 | 2 | 0 | 0 | 
 | 0 | 2 | 0 | 1 | 2 | 0 | 0 | 
 | 0 | 1 | 0 | 2 | 1 | 0 | 0 | 
 | 0 | 2 | 0 | 1 | 2 | 0 | 0 | 
 | 1 | 1 | 2 | 2 | 1 | 0 | 1 | 
 | 2 | 1 | 1 | 1 | 2 | 1 | 1 | 
 | 

Alastor jogou.
Duração da jogada = 0 s

 | 0 | 2 | 0 | 2 | 2 | 0 | 0 | 
 | 0 | 1 | 0 | 2 | 2 | 0 | 0 | 
 | 0 | 2 | 0 | 1 | 2 | 0 | 0 | 
 | 0 | 1 | 0 | 2 | 1 | 0 | 0 | 
 | 0 | 2 | 1 | 1 | 2 | 0 | 0 | 
 | 1 | 1 | 2 | 2 | 1 | 0 | 1 | 
 | 2 | 1 | 1 | 1 | 2 | 1 | 1 | 
 | 

IdeiaFix jogou.
Duração da jogada = 0 s

 | 0 | 2 | 0 | 2 | 2 | 0 | 0 | 
 | 0 | 1 | 0 | 2 | 2 | 0 | 0 | 
 | 0 | 2 | 0 | 1 | 2 | 0 | 0 | 
 | 0 | 1 | 2 | 2 | 1 | 0 | 0 | 
 | 0 | 2 | 1 | 1 | 2 | 0 | 0 | 
 | 1 | 1 | 2 | 2 | 1 | 0 | 1 | 
 | 2 | 1 | 1 | 1 | 2 | 1 | 1 | 
 | 

Alastor jogou.
Duração da jogada = 0 s

 | 0 | 2 | 0 | 2 | 2 | 0 | 0 | 
 | 0 | 1 | 0 | 2 | 2 | 0 | 0 | 
 | 0 | 2 | 1 | 1 | 2 | 0 | 0 | 
 | 0 | 1 | 2 | 2 | 1 | 0 | 0 | 
 | 0 | 2 | 1 | 1 | 2 | 0 | 0 | 
 | 1 | 1 | 2 | 2 | 1 | 0 | 1 | 
 | 2 | 1 | 1 | 1 | 2 | 1 | 1 | 
 | 

IdeiaFix jogou.
Duração da jogada = 0 s

 | 0 | 2 | 0 | 2 | 2 | 0 | 0 | 
 | 0 | 1 | 0 | 2 | 2 | 0 | 0 | 
 | 0 | 2 | 1 | 1 | 2 | 0 | 0 | 
 | 0 | 1 | 2 | 2 | 1 | 0 | 0 | 
 | 0 | 2 | 1 | 1 | 2 | 0 | 2 | 
 | 1 | 1 | 2 | 2 | 1 | 0 | 1 | 
 | 2 | 1 | 1 | 1 | 2 | 1 | 1 | 
 | 

Alastor jogou.
Duração da jogada = 0 s

 | 0 | 2 | 0 | 2 | 2 | 0 | 0 | 
 | 0 | 1 | 0 | 2 | 2 | 0 | 0 | 
 | 0 | 2 | 1 | 1 | 2 | 0 | 0 | 
 | 0 | 1 | 2 | 2 | 1 | 0 | 1 | 
 | 0 | 2 | 1 | 1 | 2 | 0 | 2 | 
 | 1 | 1 | 2 | 2 | 1 | 0 | 1 | 
 | 2 | 1 | 1 | 1 | 2 | 1 | 1 | 
 | 

IdeiaFix jogou.
Duração da jogada = 0 s

 | 0 | 2 | 0 | 2 | 2 | 0 | 0 | 
 | 0 | 1 | 0 | 2 | 2 | 0 | 0 | 
 | 0 | 2 | 1 | 1 | 2 | 0 | 2 | 
 | 0 | 1 | 2 | 2 | 1 | 0 | 1 | 
 | 0 | 2 | 1 | 1 | 2 | 0 | 2 | 
 | 1 | 1 | 2 | 2 | 1 | 0 | 1 | 
 | 2 | 1 | 1 | 1 | 2 | 1 | 1 | 
 | 

Alastor jogou.
Duração da jogada = 0 s

 | 0 | 2 | 0 | 2 | 2 | 0 | 0 | 
 | 0 | 1 | 0 | 2 | 2 | 0 | 0 | 
 | 0 | 2 | 1 | 1 | 2 | 0 | 2 | 
 | 0 | 1 | 2 | 2 | 1 | 0 | 1 | 
 | 0 | 2 | 1 | 1 | 2 | 0 | 2 | 
 | 1 | 1 | 2 | 2 | 1 | 1 | 1 | 
 | 2 | 1 | 1 | 1 | 2 | 1 | 1 | 
 | 

IdeiaFix jogou.
Duração da jogada = 0 s

 | 0 | 2 | 0 | 2 | 2 | 0 | 0 | 
 | 0 | 1 | 0 | 2 | 2 | 0 | 0 | 
 | 0 | 2 | 1 | 1 | 2 | 0 | 2 | 
 | 0 | 1 | 2 | 2 | 1 | 0 | 1 | 
 | 0 | 2 | 1 | 1 | 2 | 2 | 2 | 
 | 1 | 1 | 2 | 2 | 1 | 1 | 1 | 
 | 2 | 1 | 1 | 1 | 2 | 1 | 1 | 
 | 

Alastor jogou.
Duração da jogada = 0 s

 | 0 | 2 | 0 | 2 | 2 | 0 | 0 | 
 | 0 | 1 | 1 | 2 | 2 | 0 | 0 | 
 | 0 | 2 | 1 | 1 | 2 | 0 | 2 | 
 | 0 | 1 | 2 | 2 | 1 | 0 | 1 | 
 | 0 | 2 | 1 | 1 | 2 | 2 | 2 | 
 | 1 | 1 | 2 | 2 | 1 | 1 | 1 | 
 | 2 | 1 | 1 | 1 | 2 | 1 | 1 | 
 | 

IdeiaFix jogou.
Duração da jogada = 0 s

 | 0 | 2 | 2 | 2 | 2 | 0 | 0 | 
 | 0 | 1 | 1 | 2 | 2 | 0 | 0 | 
 | 0 | 2 | 1 | 1 | 2 | 0 | 2 | 
 | 0 | 1 | 2 | 2 | 1 | 0 | 1 | 
 | 0 | 2 | 1 | 1 | 2 | 2 | 2 | 
 | 1 | 1 | 2 | 2 | 1 | 1 | 1 | 
 | 2 | 1 | 1 | 1 | 2 | 1 | 1 | 
 | 
Alastor perdeu IdeiaFix venceu

Novo jogo entre IdeiaFix  Alastor

IdeiaFix jogou.
Duração da jogada = 0 s

 | 0 | 0 | 0 | 0 | 0 | 0 | 0 | 
 | 0 | 0 | 0 | 0 | 0 | 0 | 0 | 
 | 0 | 0 | 0 | 0 | 0 | 0 | 0 | 
 | 0 | 0 | 0 | 0 | 0 | 0 | 0 | 
 | 0 | 0 | 0 | 0 | 0 | 0 | 0 | 
 | 0 | 0 | 0 | 0 | 0 | 0 | 0 | 
 | 0 | 0 | 0 | 1 | 0 | 0 | 0 | 
 | 

Alastor jogou.
Duração da jogada = 0 s

 | 0 | 0 | 0 | 0 | 0 | 0 | 0 | 
 | 0 | 0 | 0 | 0 | 0 | 0 | 0 | 
 | 0 | 0 | 0 | 0 | 0 | 0 | 0 | 
 | 0 | 0 | 0 | 0 | 0 | 0 | 0 | 
 | 0 | 0 | 0 | 0 | 0 | 0 | 0 | 
 | 0 | 0 | 0 | 2 | 0 | 0 | 0 | 
 | 0 | 0 | 0 | 1 | 0 | 0 | 0 | 
 | 

IdeiaFix jogou.
Duração da jogada = 0 s

 | 0 | 0 | 0 | 0 | 0 | 0 | 0 | 
 | 0 | 0 | 0 | 0 | 0 | 0 | 0 | 
 | 0 | 0 | 0 | 0 | 0 | 0 | 0 | 
 | 0 | 0 | 0 | 0 | 0 | 0 | 0 | 
 | 0 | 0 | 0 | 1 | 0 | 0 | 0 | 
 | 0 | 0 | 0 | 2 | 0 | 0 | 0 | 
 | 0 | 0 | 0 | 1 | 0 | 0 | 0 | 
 | 

Alastor jogou.
Duração da jogada = 0 s

 | 0 | 0 | 0 | 0 | 0 | 0 | 0 | 
 | 0 | 0 | 0 | 0 | 0 | 0 | 0 | 
 | 0 | 0 | 0 | 0 | 0 | 0 | 0 | 
 | 0 | 0 | 0 | 2 | 0 | 0 | 0 | 
 | 0 | 0 | 0 | 1 | 0 | 0 | 0 | 
 | 0 | 0 | 0 | 2 | 0 | 0 | 0 | 
 | 0 | 0 | 0 | 1 | 0 | 0 | 0 | 
 | 

IdeiaFix jogou.
Duração da jogada = 0 s

 | 0 | 0 | 0 | 0 | 0 | 0 | 0 | 
 | 0 | 0 | 0 | 0 | 0 | 0 | 0 | 
 | 0 | 0 | 0 | 1 | 0 | 0 | 0 | 
 | 0 | 0 | 0 | 2 | 0 | 0 | 0 | 
 | 0 | 0 | 0 | 1 | 0 | 0 | 0 | 
 | 0 | 0 | 0 | 2 | 0 | 0 | 0 | 
 | 0 | 0 | 0 | 1 | 0 | 0 | 0 | 
 | 

Alastor jogou.
Duração da jogada = 0 s

 | 0 | 0 | 0 | 0 | 0 | 0 | 0 | 
 | 0 | 0 | 0 | 0 | 0 | 0 | 0 | 
 | 0 | 0 | 0 | 1 | 0 | 0 | 0 | 
 | 0 | 0 | 0 | 2 | 0 | 0 | 0 | 
 | 0 | 0 | 0 | 1 | 0 | 0 | 0 | 
 | 0 | 0 | 0 | 2 | 0 | 0 | 0 | 
 | 0 | 0 | 0 | 1 | 2 | 0 | 0 | 
 | 

IdeiaFix jogou.
Duração da jogada = 0 s

 | 0 | 0 | 0 | 0 | 0 | 0 | 0 | 
 | 0 | 0 | 0 | 0 | 0 | 0 | 0 | 
 | 0 | 0 | 0 | 1 | 0 | 0 | 0 | 
 | 0 | 0 | 0 | 2 | 0 | 0 | 0 | 
 | 0 | 0 | 0 | 1 | 0 | 0 | 0 | 
 | 0 | 0 | 0 | 2 | 1 | 0 | 0 | 
 | 0 | 0 | 0 | 1 | 2 | 0 | 0 | 
 | 

Alastor jogou.
Duração da jogada = 0 s

 | 0 | 0 | 0 | 0 | 0 | 0 | 0 | 
 | 0 | 0 | 0 | 0 | 0 | 0 | 0 | 
 | 0 | 0 | 0 | 1 | 0 | 0 | 0 | 
 | 0 | 0 | 0 | 2 | 0 | 0 | 0 | 
 | 0 | 0 | 0 | 1 | 2 | 0 | 0 | 
 | 0 | 0 | 0 | 2 | 1 | 0 | 0 | 
 | 0 | 0 | 0 | 1 | 2 | 0 | 0 | 
 | 

IdeiaFix jogou.
Duração da jogada = 1 s

 | 0 | 0 | 0 | 0 | 0 | 0 | 0 | 
 | 0 | 0 | 0 | 0 | 0 | 0 | 0 | 
 | 0 | 0 | 0 | 1 | 0 | 0 | 0 | 
 | 0 | 0 | 0 | 2 | 1 | 0 | 0 | 
 | 0 | 0 | 0 | 1 | 2 | 0 | 0 | 
 | 0 | 0 | 0 | 2 | 1 | 0 | 0 | 
 | 0 | 0 | 0 | 1 | 2 | 0 | 0 | 
 | 

Alastor jogou.
Duração da jogada = 0 s

 | 0 | 0 | 0 | 0 | 0 | 0 | 0 | 
 | 0 | 0 | 0 | 0 | 0 | 0 | 0 | 
 | 0 | 0 | 0 | 1 | 2 | 0 | 0 | 
 | 0 | 0 | 0 | 2 | 1 | 0 | 0 | 
 | 0 | 0 | 0 | 1 | 2 | 0 | 0 | 
 | 0 | 0 | 0 | 2 | 1 | 0 | 0 | 
 | 0 | 0 | 0 | 1 | 2 | 0 | 0 | 
 | 

IdeiaFix jogou.
Duração da jogada = 1 s

 | 0 | 0 | 0 | 0 | 0 | 0 | 0 | 
 | 0 | 0 | 0 | 0 | 0 | 0 | 0 | 
 | 0 | 0 | 0 | 1 | 2 | 0 | 0 | 
 | 0 | 0 | 0 | 2 | 1 | 0 | 0 | 
 | 0 | 0 | 0 | 1 | 2 | 0 | 0 | 
 | 0 | 0 | 0 | 2 | 1 | 0 | 0 | 
 | 0 | 1 | 0 | 1 | 2 | 0 | 0 | 
 | 

Alastor jogou.
Duração da jogada = 0 s

 | 0 | 0 | 0 | 0 | 0 | 0 | 0 | 
 | 0 | 0 | 0 | 0 | 0 | 0 | 0 | 
 | 0 | 0 | 0 | 1 | 2 | 0 | 0 | 
 | 0 | 0 | 0 | 2 | 1 | 0 | 0 | 
 | 0 | 0 | 0 | 1 | 2 | 0 | 0 | 
 | 0 | 0 | 0 | 2 | 1 | 0 | 0 | 
 | 2 | 1 | 0 | 1 | 2 | 0 | 0 | 
 | 

IdeiaFix jogou.
Duração da jogada = 1 s

 | 0 | 0 | 0 | 0 | 0 | 0 | 0 | 
 | 0 | 0 | 0 | 0 | 0 | 0 | 0 | 
 | 0 | 0 | 0 | 1 | 2 | 0 | 0 | 
 | 0 | 0 | 0 | 2 | 1 | 0 | 0 | 
 | 0 | 0 | 0 | 1 | 2 | 0 | 0 | 
 | 0 | 1 | 0 | 2 | 1 | 0 | 0 | 
 | 2 | 1 | 0 | 1 | 2 | 0 | 0 | 
 | 

Alastor jogou.
Duração da jogada = 0 s

 | 0 | 0 | 0 | 0 | 0 | 0 | 0 | 
 | 0 | 0 | 0 | 2 | 0 | 0 | 0 | 
 | 0 | 0 | 0 | 1 | 2 | 0 | 0 | 
 | 0 | 0 | 0 | 2 | 1 | 0 | 0 | 
 | 0 | 0 | 0 | 1 | 2 | 0 | 0 | 
 | 0 | 1 | 0 | 2 | 1 | 0 | 0 | 
 | 2 | 1 | 0 | 1 | 2 | 0 | 0 | 
 | 

IdeiaFix jogou.
Duração da jogada = 0 s

 | 0 | 0 | 0 | 0 | 0 | 0 | 0 | 
 | 0 | 0 | 0 | 2 | 0 | 0 | 0 | 
 | 0 | 0 | 0 | 1 | 2 | 0 | 0 | 
 | 0 | 0 | 0 | 2 | 1 | 0 | 0 | 
 | 0 | 0 | 0 | 1 | 2 | 0 | 0 | 
 | 0 | 1 | 0 | 2 | 1 | 0 | 0 | 
 | 2 | 1 | 0 | 1 | 2 | 0 | 1 | 
 | 

Alastor jogou.
Duração da jogada = 0 s

 | 0 | 0 | 0 | 0 | 0 | 0 | 0 | 
 | 0 | 0 | 0 | 2 | 2 | 0 | 0 | 
 | 0 | 0 | 0 | 1 | 2 | 0 | 0 | 
 | 0 | 0 | 0 | 2 | 1 | 0 | 0 | 
 | 0 | 0 | 0 | 1 | 2 | 0 | 0 | 
 | 0 | 1 | 0 | 2 | 1 | 0 | 0 | 
 | 2 | 1 | 0 | 1 | 2 | 0 | 1 | 
 | 

IdeiaFix jogou.
Duração da jogada = 0 s

 | 0 | 0 | 0 | 0 | 0 | 0 | 0 | 
 | 0 | 0 | 0 | 2 | 2 | 0 | 0 | 
 | 0 | 0 | 0 | 1 | 2 | 0 | 0 | 
 | 0 | 0 | 0 | 2 | 1 | 0 | 0 | 
 | 0 | 0 | 0 | 1 | 2 | 0 | 0 | 
 | 0 | 1 | 0 | 2 | 1 | 0 | 0 | 
 | 2 | 1 | 0 | 1 | 2 | 1 | 1 | 
 | 

Alastor jogou.
Duração da jogada = 0 s

 | 0 | 0 | 0 | 2 | 0 | 0 | 0 | 
 | 0 | 0 | 0 | 2 | 2 | 0 | 0 | 
 | 0 | 0 | 0 | 1 | 2 | 0 | 0 | 
 | 0 | 0 | 0 | 2 | 1 | 0 | 0 | 
 | 0 | 0 | 0 | 1 | 2 | 0 | 0 | 
 | 0 | 1 | 0 | 2 | 1 | 0 | 0 | 
 | 2 | 1 | 0 | 1 | 2 | 1 | 1 | 
 | 

IdeiaFix jogou.
Duração da jogada = 0 s

 | 0 | 0 | 0 | 2 | 0 | 0 | 0 | 
 | 0 | 0 | 0 | 2 | 2 | 0 | 0 | 
 | 0 | 0 | 0 | 1 | 2 | 0 | 0 | 
 | 0 | 0 | 0 | 2 | 1 | 0 | 0 | 
 | 0 | 0 | 0 | 1 | 2 | 0 | 0 | 
 | 0 | 1 | 0 | 2 | 1 | 0 | 1 | 
 | 2 | 1 | 0 | 1 | 2 | 1 | 1 | 
 | 

Alastor jogou.
Duração da jogada = 0 s

 | 0 | 0 | 0 | 2 | 2 | 0 | 0 | 
 | 0 | 0 | 0 | 2 | 2 | 0 | 0 | 
 | 0 | 0 | 0 | 1 | 2 | 0 | 0 | 
 | 0 | 0 | 0 | 2 | 1 | 0 | 0 | 
 | 0 | 0 | 0 | 1 | 2 | 0 | 0 | 
 | 0 | 1 | 0 | 2 | 1 | 0 | 1 | 
 | 2 | 1 | 0 | 1 | 2 | 1 | 1 | 
 | 

IdeiaFix jogou.
Duração da jogada = 0 s

 | 0 | 0 | 0 | 2 | 2 | 0 | 0 | 
 | 0 | 0 | 0 | 2 | 2 | 0 | 0 | 
 | 0 | 0 | 0 | 1 | 2 | 0 | 0 | 
 | 0 | 0 | 0 | 2 | 1 | 0 | 0 | 
 | 0 | 0 | 0 | 1 | 2 | 0 | 0 | 
 | 1 | 1 | 0 | 2 | 1 | 0 | 1 | 
 | 2 | 1 | 0 | 1 | 2 | 1 | 1 | 
 | 

Alastor jogou.
Duração da jogada = 0 s

 | 0 | 0 | 0 | 2 | 2 | 0 | 0 | 
 | 0 | 0 | 0 | 2 | 2 | 0 | 0 | 
 | 0 | 0 | 0 | 1 | 2 | 0 | 0 | 
 | 0 | 0 | 0 | 2 | 1 | 0 | 0 | 
 | 0 | 2 | 0 | 1 | 2 | 0 | 0 | 
 | 1 | 1 | 0 | 2 | 1 | 0 | 1 | 
 | 2 | 1 | 0 | 1 | 2 | 1 | 1 | 
 | 

IdeiaFix jogou.
Duração da jogada = 0 s

 | 0 | 0 | 0 | 2 | 2 | 0 | 0 | 
 | 0 | 0 | 0 | 2 | 2 | 0 | 0 | 
 | 0 | 0 | 0 | 1 | 2 | 0 | 0 | 
 | 0 | 0 | 0 | 2 | 1 | 0 | 0 | 
 | 0 | 2 | 0 | 1 | 2 | 0 | 0 | 
 | 1 | 1 | 0 | 2 | 1 | 0 | 1 | 
 | 2 | 1 | 1 | 1 | 2 | 1 | 1 | 
 | 

Alastor jogou.
Duração da jogada = 0 s

 | 0 | 0 | 0 | 2 | 2 | 0 | 0 | 
 | 0 | 0 | 0 | 2 | 2 | 0 | 0 | 
 | 0 | 0 | 0 | 1 | 2 | 0 | 0 | 
 | 0 | 0 | 0 | 2 | 1 | 0 | 0 | 
 | 0 | 2 | 0 | 1 | 2 | 0 | 0 | 
 | 1 | 1 | 2 | 2 | 1 | 0 | 1 | 
 | 2 | 1 | 1 | 1 | 2 | 1 | 1 | 
 | 

IdeiaFix jogou.
Duração da jogada = 0 s

 | 0 | 0 | 0 | 2 | 2 | 0 | 0 | 
 | 0 | 0 | 0 | 2 | 2 | 0 | 0 | 
 | 0 | 0 | 0 | 1 | 2 | 0 | 0 | 
 | 0 | 1 | 0 | 2 | 1 | 0 | 0 | 
 | 0 | 2 | 0 | 1 | 2 | 0 | 0 | 
 | 1 | 1 | 2 | 2 | 1 | 0 | 1 | 
 | 2 | 1 | 1 | 1 | 2 | 1 | 1 | 
 | 

Alastor jogou.
Duração da jogada = 0 s

 | 0 | 0 | 0 | 2 | 2 | 0 | 0 | 
 | 0 | 0 | 0 | 2 | 2 | 0 | 0 | 
 | 0 | 2 | 0 | 1 | 2 | 0 | 0 | 
 | 0 | 1 | 0 | 2 | 1 | 0 | 0 | 
 | 0 | 2 | 0 | 1 | 2 | 0 | 0 | 
 | 1 | 1 | 2 | 2 | 1 | 0 | 1 | 
 | 2 | 1 | 1 | 1 | 2 | 1 | 1 | 
 | 

IdeiaFix jogou.
Duração da jogada = 0 s

 | 0 | 0 | 0 | 2 | 2 | 0 | 0 | 
 | 0 | 1 | 0 | 2 | 2 | 0 | 0 | 
 | 0 | 2 | 0 | 1 | 2 | 0 | 0 | 
 | 0 | 1 | 0 | 2 | 1 | 0 | 0 | 
 | 0 | 2 | 0 | 1 | 2 | 0 | 0 | 
 | 1 | 1 | 2 | 2 | 1 | 0 | 1 | 
 | 2 | 1 | 1 | 1 | 2 | 1 | 1 | 
 | 

Alastor jogou.
Duração da jogada = 0 s

 | 0 | 2 | 0 | 2 | 2 | 0 | 0 | 
 | 0 | 1 | 0 | 2 | 2 | 0 | 0 | 
 | 0 | 2 | 0 | 1 | 2 | 0 | 0 | 
 | 0 | 1 | 0 | 2 | 1 | 0 | 0 | 
 | 0 | 2 | 0 | 1 | 2 | 0 | 0 | 
 | 1 | 1 | 2 | 2 | 1 | 0 | 1 | 
 | 2 | 1 | 1 | 1 | 2 | 1 | 1 | 
 | 

IdeiaFix jogou.
Duração da jogada = 0 s

 | 0 | 2 | 0 | 2 | 2 | 0 | 0 | 
 | 0 | 1 | 0 | 2 | 2 | 0 | 0 | 
 | 0 | 2 | 0 | 1 | 2 | 0 | 0 | 
 | 0 | 1 | 0 | 2 | 1 | 0 | 0 | 
 | 0 | 2 | 1 | 1 | 2 | 0 | 0 | 
 | 1 | 1 | 2 | 2 | 1 | 0 | 1 | 
 | 2 | 1 | 1 | 1 | 2 | 1 | 1 | 
 | 

Alastor jogou.
Duração da jogada = 0 s

 | 0 | 2 | 0 | 2 | 2 | 0 | 0 | 
 | 0 | 1 | 0 | 2 | 2 | 0 | 0 | 
 | 0 | 2 | 0 | 1 | 2 | 0 | 0 | 
 | 0 | 1 | 2 | 2 | 1 | 0 | 0 | 
 | 0 | 2 | 1 | 1 | 2 | 0 | 0 | 
 | 1 | 1 | 2 | 2 | 1 | 0 | 1 | 
 | 2 | 1 | 1 | 1 | 2 | 1 | 1 | 
 | 

IdeiaFix jogou.
Duração da jogada = 0 s

 | 0 | 2 | 0 | 2 | 2 | 0 | 0 | 
 | 0 | 1 | 0 | 2 | 2 | 0 | 0 | 
 | 0 | 2 | 1 | 1 | 2 | 0 | 0 | 
 | 0 | 1 | 2 | 2 | 1 | 0 | 0 | 
 | 0 | 2 | 1 | 1 | 2 | 0 | 0 | 
 | 1 | 1 | 2 | 2 | 1 | 0 | 1 | 
 | 2 | 1 | 1 | 1 | 2 | 1 | 1 | 
 | 

Alastor jogou.
Duração da jogada = 0 s

 | 0 | 2 | 0 | 2 | 2 | 0 | 0 | 
 | 0 | 1 | 0 | 2 | 2 | 0 | 0 | 
 | 0 | 2 | 1 | 1 | 2 | 0 | 0 | 
 | 0 | 1 | 2 | 2 | 1 | 0 | 0 | 
 | 0 | 2 | 1 | 1 | 2 | 0 | 2 | 
 | 1 | 1 | 2 | 2 | 1 | 0 | 1 | 
 | 2 | 1 | 1 | 1 | 2 | 1 | 1 | 
 | 

IdeiaFix jogou.
Duração da jogada = 0 s

 | 0 | 2 | 0 | 2 | 2 | 0 | 0 | 
 | 0 | 1 | 0 | 2 | 2 | 0 | 0 | 
 | 0 | 2 | 1 | 1 | 2 | 0 | 0 | 
 | 0 | 1 | 2 | 2 | 1 | 0 | 1 | 
 | 0 | 2 | 1 | 1 | 2 | 0 | 2 | 
 | 1 | 1 | 2 | 2 | 1 | 0 | 1 | 
 | 2 | 1 | 1 | 1 | 2 | 1 | 1 | 
 | 

Alastor jogou.
Duração da jogada = 0 s

 | 0 | 2 | 0 | 2 | 2 | 0 | 0 | 
 | 0 | 1 | 0 | 2 | 2 | 0 | 0 | 
 | 0 | 2 | 1 | 1 | 2 | 0 | 2 | 
 | 0 | 1 | 2 | 2 | 1 | 0 | 1 | 
 | 0 | 2 | 1 | 1 | 2 | 0 | 2 | 
 | 1 | 1 | 2 | 2 | 1 | 0 | 1 | 
 | 2 | 1 | 1 | 1 | 2 | 1 | 1 | 
 | 

IdeiaFix jogou.
Duração da jogada = 0 s

 | 0 | 2 | 0 | 2 | 2 | 0 | 0 | 
 | 0 | 1 | 0 | 2 | 2 | 0 | 0 | 
 | 0 | 2 | 1 | 1 | 2 | 0 | 2 | 
 | 0 | 1 | 2 | 2 | 1 | 0 | 1 | 
 | 0 | 2 | 1 | 1 | 2 | 0 | 2 | 
 | 1 | 1 | 2 | 2 | 1 | 1 | 1 | 
 | 2 | 1 | 1 | 1 | 2 | 1 | 1 | 
 | 

Alastor jogou.
Duração da jogada = 0 s

 | 0 | 2 | 0 | 2 | 2 | 0 | 0 | 
 | 0 | 1 | 0 | 2 | 2 | 0 | 0 | 
 | 0 | 2 | 1 | 1 | 2 | 0 | 2 | 
 | 0 | 1 | 2 | 2 | 1 | 0 | 1 | 
 | 0 | 2 | 1 | 1 | 2 | 2 | 2 | 
 | 1 | 1 | 2 | 2 | 1 | 1 | 1 | 
 | 2 | 1 | 1 | 1 | 2 | 1 | 1 | 
 | 

IdeiaFix jogou.
Duração da jogada = 0 s

 | 0 | 2 | 0 | 2 | 2 | 0 | 0 | 
 | 0 | 1 | 1 | 2 | 2 | 0 | 0 | 
 | 0 | 2 | 1 | 1 | 2 | 0 | 2 | 
 | 0 | 1 | 2 | 2 | 1 | 0 | 1 | 
 | 0 | 2 | 1 | 1 | 2 | 2 | 2 | 
 | 1 | 1 | 2 | 2 | 1 | 1 | 1 | 
 | 2 | 1 | 1 | 1 | 2 | 1 | 1 | 
 | 

Alastor jogou.
Duração da jogada = 0 s

 | 0 | 2 | 2 | 2 | 2 | 0 | 0 | 
 | 0 | 1 | 1 | 2 | 2 | 0 | 0 | 
 | 0 | 2 | 1 | 1 | 2 | 0 | 2 | 
 | 0 | 1 | 2 | 2 | 1 | 0 | 1 | 
 | 0 | 2 | 1 | 1 | 2 | 2 | 2 | 
 | 1 | 1 | 2 | 2 | 1 | 1 | 1 | 
 | 2 | 1 | 1 | 1 | 2 | 1 | 1 | 
 | 
IdeiaFix perdeu Alastor venceu

Novo jogo entre Alastor  Chewbacca

Alastor jogou.
Duração da jogada = 0 s

 | 0 | 0 | 0 | 0 | 0 | 0 | 0 | 
 | 0 | 0 | 0 | 0 | 0 | 0 | 0 | 
 | 0 | 0 | 0 | 0 | 0 | 0 | 0 | 
 | 0 | 0 | 0 | 0 | 0 | 0 | 0 | 
 | 0 | 0 | 0 | 0 | 0 | 0 | 0 | 
 | 0 | 0 | 0 | 0 | 0 | 0 | 0 | 
 | 0 | 0 | 0 | 1 | 0 | 0 | 0 | 
 | 

tempo em milisegundos 460


Chewbacca jogou.
Duração da jogada = 0 s

 | 0 | 0 | 0 | 0 | 0 | 0 | 0 | 
 | 0 | 0 | 0 | 0 | 0 | 0 | 0 | 
 | 0 | 0 | 0 | 0 | 0 | 0 | 0 | 
 | 0 | 0 | 0 | 0 | 0 | 0 | 0 | 
 | 0 | 0 | 0 | 0 | 0 | 0 | 0 | 
 | 0 | 0 | 0 | 0 | 0 | 0 | 0 | 
 | 0 | 0 | 2 | 1 | 0 | 0 | 0 | 
 | 

Alastor jogou.
Duração da jogada = 0 s

 | 0 | 0 | 0 | 0 | 0 | 0 | 0 | 
 | 0 | 0 | 0 | 0 | 0 | 0 | 0 | 
 | 0 | 0 | 0 | 0 | 0 | 0 | 0 | 
 | 0 | 0 | 0 | 0 | 0 | 0 | 0 | 
 | 0 | 0 | 0 | 0 | 0 | 0 | 0 | 
 | 0 | 0 | 0 | 1 | 0 | 0 | 0 | 
 | 0 | 0 | 2 | 1 | 0 | 0 | 0 | 
 | 

tempo em milisegundos 468


Chewbacca jogou.
Duração da jogada = 0 s

 | 0 | 0 | 0 | 0 | 0 | 0 | 0 | 
 | 0 | 0 | 0 | 0 | 0 | 0 | 0 | 
 | 0 | 0 | 0 | 0 | 0 | 0 | 0 | 
 | 0 | 0 | 0 | 0 | 0 | 0 | 0 | 
 | 0 | 0 | 0 | 2 | 0 | 0 | 0 | 
 | 0 | 0 | 0 | 1 | 0 | 0 | 0 | 
 | 0 | 0 | 2 | 1 | 0 | 0 | 0 | 
 | 

Alastor jogou.
Duração da jogada = 0 s

 | 0 | 0 | 0 | 0 | 0 | 0 | 0 | 
 | 0 | 0 | 0 | 0 | 0 | 0 | 0 | 
 | 0 | 0 | 0 | 0 | 0 | 0 | 0 | 
 | 0 | 0 | 0 | 1 | 0 | 0 | 0 | 
 | 0 | 0 | 0 | 2 | 0 | 0 | 0 | 
 | 0 | 0 | 0 | 1 | 0 | 0 | 0 | 
 | 0 | 0 | 2 | 1 | 0 | 0 | 0 | 
 | 

tempo em milisegundos 478


Chewbacca jogou.
Duração da jogada = 0 s

 | 0 | 0 | 0 | 0 | 0 | 0 | 0 | 
 | 0 | 0 | 0 | 0 | 0 | 0 | 0 | 
 | 0 | 0 | 0 | 0 | 0 | 0 | 0 | 
 | 0 | 0 | 0 | 1 | 0 | 0 | 0 | 
 | 0 | 0 | 0 | 2 | 0 | 0 | 0 | 
 | 0 | 0 | 0 | 1 | 0 | 0 | 0 | 
 | 0 | 0 | 2 | 1 | 0 | 0 | 2 | 
 | 

Alastor jogou.
Duração da jogada = 0 s

 | 0 | 0 | 0 | 0 | 0 | 0 | 0 | 
 | 0 | 0 | 0 | 0 | 0 | 0 | 0 | 
 | 0 | 0 | 0 | 1 | 0 | 0 | 0 | 
 | 0 | 0 | 0 | 1 | 0 | 0 | 0 | 
 | 0 | 0 | 0 | 2 | 0 | 0 | 0 | 
 | 0 | 0 | 0 | 1 | 0 | 0 | 0 | 
 | 0 | 0 | 2 | 1 | 0 | 0 | 2 | 
 | 

tempo em milisegundos 487


Chewbacca jogou.
Duração da jogada = 0 s

 | 0 | 0 | 0 | 0 | 0 | 0 | 0 | 
 | 0 | 0 | 0 | 2 | 0 | 0 | 0 | 
 | 0 | 0 | 0 | 1 | 0 | 0 | 0 | 
 | 0 | 0 | 0 | 1 | 0 | 0 | 0 | 
 | 0 | 0 | 0 | 2 | 0 | 0 | 0 | 
 | 0 | 0 | 0 | 1 | 0 | 0 | 0 | 
 | 0 | 0 | 2 | 1 | 0 | 0 | 2 | 
 | 

Alastor jogou.
Duração da jogada = 0 s

 | 0 | 0 | 0 | 0 | 0 | 0 | 0 | 
 | 0 | 0 | 0 | 2 | 0 | 0 | 0 | 
 | 0 | 0 | 0 | 1 | 0 | 0 | 0 | 
 | 0 | 0 | 0 | 1 | 0 | 0 | 0 | 
 | 0 | 0 | 0 | 2 | 0 | 0 | 0 | 
 | 0 | 0 | 1 | 1 | 0 | 0 | 0 | 
 | 0 | 0 | 2 | 1 | 0 | 0 | 2 | 
 | 

tempo em milisegundos 498


Chewbacca jogou.
Duração da jogada = 0 s

 | 0 | 0 | 0 | 0 | 0 | 0 | 0 | 
 | 0 | 0 | 0 | 2 | 0 | 0 | 0 | 
 | 0 | 0 | 0 | 1 | 0 | 0 | 0 | 
 | 0 | 0 | 0 | 1 | 0 | 0 | 0 | 
 | 0 | 0 | 2 | 2 | 0 | 0 | 0 | 
 | 0 | 0 | 1 | 1 | 0 | 0 | 0 | 
 | 0 | 0 | 2 | 1 | 0 | 0 | 2 | 
 | 

Alastor jogou.
Duração da jogada = 0 s

 | 0 | 0 | 0 | 0 | 0 | 0 | 0 | 
 | 0 | 0 | 0 | 2 | 0 | 0 | 0 | 
 | 0 | 0 | 0 | 1 | 0 | 0 | 0 | 
 | 0 | 0 | 1 | 1 | 0 | 0 | 0 | 
 | 0 | 0 | 2 | 2 | 0 | 0 | 0 | 
 | 0 | 0 | 1 | 1 | 0 | 0 | 0 | 
 | 0 | 0 | 2 | 1 | 0 | 0 | 2 | 
 | 

tempo em milisegundos 508


Chewbacca jogou.
Duração da jogada = 0 s

 | 0 | 0 | 0 | 0 | 0 | 0 | 0 | 
 | 0 | 0 | 0 | 2 | 0 | 0 | 0 | 
 | 0 | 0 | 2 | 1 | 0 | 0 | 0 | 
 | 0 | 0 | 1 | 1 | 0 | 0 | 0 | 
 | 0 | 0 | 2 | 2 | 0 | 0 | 0 | 
 | 0 | 0 | 1 | 1 | 0 | 0 | 0 | 
 | 0 | 0 | 2 | 1 | 0 | 0 | 2 | 
 | 

Alastor jogou.
Duração da jogada = 0 s

 | 0 | 0 | 0 | 0 | 0 | 0 | 0 | 
 | 0 | 0 | 1 | 2 | 0 | 0 | 0 | 
 | 0 | 0 | 2 | 1 | 0 | 0 | 0 | 
 | 0 | 0 | 1 | 1 | 0 | 0 | 0 | 
 | 0 | 0 | 2 | 2 | 0 | 0 | 0 | 
 | 0 | 0 | 1 | 1 | 0 | 0 | 0 | 
 | 0 | 0 | 2 | 1 | 0 | 0 | 2 | 
 | 

tempo em milisegundos 517


Chewbacca jogou.
Duração da jogada = 0 s

 | 0 | 0 | 0 | 0 | 0 | 0 | 0 | 
 | 0 | 0 | 1 | 2 | 0 | 0 | 0 | 
 | 0 | 0 | 2 | 1 | 0 | 0 | 0 | 
 | 0 | 0 | 1 | 1 | 0 | 0 | 0 | 
 | 0 | 0 | 2 | 2 | 0 | 0 | 0 | 
 | 0 | 0 | 1 | 1 | 0 | 0 | 2 | 
 | 0 | 0 | 2 | 1 | 0 | 0 | 2 | 
 | 

Alastor jogou.
Duração da jogada = 0 s

 | 0 | 0 | 0 | 1 | 0 | 0 | 0 | 
 | 0 | 0 | 1 | 2 | 0 | 0 | 0 | 
 | 0 | 0 | 2 | 1 | 0 | 0 | 0 | 
 | 0 | 0 | 1 | 1 | 0 | 0 | 0 | 
 | 0 | 0 | 2 | 2 | 0 | 0 | 0 | 
 | 0 | 0 | 1 | 1 | 0 | 0 | 2 | 
 | 0 | 0 | 2 | 1 | 0 | 0 | 2 | 
 | 

tempo em milisegundos 524


Chewbacca jogou.
Duração da jogada = 0 s

 | 0 | 0 | 2 | 1 | 0 | 0 | 0 | 
 | 0 | 0 | 1 | 2 | 0 | 0 | 0 | 
 | 0 | 0 | 2 | 1 | 0 | 0 | 0 | 
 | 0 | 0 | 1 | 1 | 0 | 0 | 0 | 
 | 0 | 0 | 2 | 2 | 0 | 0 | 0 | 
 | 0 | 0 | 1 | 1 | 0 | 0 | 2 | 
 | 0 | 0 | 2 | 1 | 0 | 0 | 2 | 
 | 

Alastor jogou.
Duração da jogada = 0 s

 | 0 | 0 | 2 | 1 | 0 | 0 | 0 | 
 | 0 | 0 | 1 | 2 | 0 | 0 | 0 | 
 | 0 | 0 | 2 | 1 | 0 | 0 | 0 | 
 | 0 | 0 | 1 | 1 | 0 | 0 | 0 | 
 | 0 | 0 | 2 | 2 | 0 | 0 | 1 | 
 | 0 | 0 | 1 | 1 | 0 | 0 | 2 | 
 | 0 | 0 | 2 | 1 | 0 | 0 | 2 | 
 | 

tempo em milisegundos 527


Chewbacca jogou.
Duração da jogada = 0 s

 | 0 | 0 | 2 | 1 | 0 | 0 | 0 | 
 | 0 | 0 | 1 | 2 | 0 | 0 | 0 | 
 | 0 | 0 | 2 | 1 | 0 | 0 | 0 | 
 | 0 | 0 | 1 | 1 | 0 | 0 | 2 | 
 | 0 | 0 | 2 | 2 | 0 | 0 | 1 | 
 | 0 | 0 | 1 | 1 | 0 | 0 | 2 | 
 | 0 | 0 | 2 | 1 | 0 | 0 | 2 | 
 | 

Alastor jogou.
Duração da jogada = 0 s

 | 0 | 0 | 2 | 1 | 0 | 0 | 0 | 
 | 0 | 0 | 1 | 2 | 0 | 0 | 0 | 
 | 0 | 0 | 2 | 1 | 0 | 0 | 1 | 
 | 0 | 0 | 1 | 1 | 0 | 0 | 2 | 
 | 0 | 0 | 2 | 2 | 0 | 0 | 1 | 
 | 0 | 0 | 1 | 1 | 0 | 0 | 2 | 
 | 0 | 0 | 2 | 1 | 0 | 0 | 2 | 
 | 

tempo em milisegundos 530


Chewbacca jogou.
Duração da jogada = 0 s

 | 0 | 0 | 2 | 1 | 0 | 0 | 0 | 
 | 0 | 0 | 1 | 2 | 0 | 0 | 0 | 
 | 0 | 0 | 2 | 1 | 0 | 0 | 1 | 
 | 0 | 0 | 1 | 1 | 0 | 0 | 2 | 
 | 0 | 0 | 2 | 2 | 0 | 0 | 1 | 
 | 0 | 0 | 1 | 1 | 0 | 0 | 2 | 
 | 2 | 0 | 2 | 1 | 0 | 0 | 2 | 
 | 

Alastor jogou.
Duração da jogada = 0 s

 | 0 | 0 | 2 | 1 | 0 | 0 | 0 | 
 | 0 | 0 | 1 | 2 | 0 | 0 | 0 | 
 | 0 | 0 | 2 | 1 | 0 | 0 | 1 | 
 | 0 | 0 | 1 | 1 | 0 | 0 | 2 | 
 | 0 | 0 | 2 | 2 | 0 | 0 | 1 | 
 | 1 | 0 | 1 | 1 | 0 | 0 | 2 | 
 | 2 | 0 | 2 | 1 | 0 | 0 | 2 | 
 | 

tempo em milisegundos 533


Chewbacca jogou.
Duração da jogada = 0 s

 | 0 | 0 | 2 | 1 | 0 | 0 | 0 | 
 | 0 | 0 | 1 | 2 | 0 | 0 | 0 | 
 | 0 | 0 | 2 | 1 | 0 | 0 | 1 | 
 | 0 | 0 | 1 | 1 | 0 | 0 | 2 | 
 | 0 | 0 | 2 | 2 | 0 | 0 | 1 | 
 | 1 | 0 | 1 | 1 | 0 | 0 | 2 | 
 | 2 | 0 | 2 | 1 | 2 | 0 | 2 | 
 | 

Alastor jogou.
Duração da jogada = 0 s

 | 0 | 0 | 2 | 1 | 0 | 0 | 0 | 
 | 0 | 0 | 1 | 2 | 0 | 0 | 0 | 
 | 0 | 0 | 2 | 1 | 0 | 0 | 1 | 
 | 0 | 0 | 1 | 1 | 0 | 0 | 2 | 
 | 0 | 0 | 2 | 2 | 0 | 0 | 1 | 
 | 1 | 0 | 1 | 1 | 1 | 0 | 2 | 
 | 2 | 0 | 2 | 1 | 2 | 0 | 2 | 
 | 

tempo em milisegundos 537


Chewbacca jogou.
Duração da jogada = 0 s

 | 0 | 0 | 2 | 1 | 0 | 0 | 0 | 
 | 0 | 0 | 1 | 2 | 0 | 0 | 0 | 
 | 0 | 0 | 2 | 1 | 0 | 0 | 1 | 
 | 0 | 0 | 1 | 1 | 0 | 0 | 2 | 
 | 2 | 0 | 2 | 2 | 0 | 0 | 1 | 
 | 1 | 0 | 1 | 1 | 1 | 0 | 2 | 
 | 2 | 0 | 2 | 1 | 2 | 0 | 2 | 
 | 

Alastor jogou.
Duração da jogada = 0 s

 | 0 | 0 | 2 | 1 | 0 | 0 | 0 | 
 | 0 | 0 | 1 | 2 | 0 | 0 | 0 | 
 | 0 | 0 | 2 | 1 | 0 | 0 | 1 | 
 | 0 | 0 | 1 | 1 | 0 | 0 | 2 | 
 | 2 | 0 | 2 | 2 | 1 | 0 | 1 | 
 | 1 | 0 | 1 | 1 | 1 | 0 | 2 | 
 | 2 | 0 | 2 | 1 | 2 | 0 | 2 | 
 | 

tempo em milisegundos 540


Chewbacca jogou.
Duração da jogada = 0 s

 | 0 | 0 | 2 | 1 | 0 | 0 | 0 | 
 | 0 | 0 | 1 | 2 | 0 | 0 | 0 | 
 | 0 | 0 | 2 | 1 | 0 | 0 | 1 | 
 | 0 | 0 | 1 | 1 | 2 | 0 | 2 | 
 | 2 | 0 | 2 | 2 | 1 | 0 | 1 | 
 | 1 | 0 | 1 | 1 | 1 | 0 | 2 | 
 | 2 | 0 | 2 | 1 | 2 | 0 | 2 | 
 | 

Alastor jogou.
Duração da jogada = 0 s

 | 0 | 0 | 2 | 1 | 0 | 0 | 0 | 
 | 0 | 0 | 1 | 2 | 0 | 0 | 0 | 
 | 0 | 0 | 2 | 1 | 1 | 0 | 1 | 
 | 0 | 0 | 1 | 1 | 2 | 0 | 2 | 
 | 2 | 0 | 2 | 2 | 1 | 0 | 1 | 
 | 1 | 0 | 1 | 1 | 1 | 0 | 2 | 
 | 2 | 0 | 2 | 1 | 2 | 0 | 2 | 
 | 

tempo em milisegundos 543


Chewbacca jogou.
Duração da jogada = 0 s

 | 0 | 0 | 2 | 1 | 0 | 0 | 0 | 
 | 0 | 0 | 1 | 2 | 2 | 0 | 0 | 
 | 0 | 0 | 2 | 1 | 1 | 0 | 1 | 
 | 0 | 0 | 1 | 1 | 2 | 0 | 2 | 
 | 2 | 0 | 2 | 2 | 1 | 0 | 1 | 
 | 1 | 0 | 1 | 1 | 1 | 0 | 2 | 
 | 2 | 0 | 2 | 1 | 2 | 0 | 2 | 
 | 

Alastor jogou.
Duração da jogada = 0 s

 | 0 | 0 | 2 | 1 | 1 | 0 | 0 | 
 | 0 | 0 | 1 | 2 | 2 | 0 | 0 | 
 | 0 | 0 | 2 | 1 | 1 | 0 | 1 | 
 | 0 | 0 | 1 | 1 | 2 | 0 | 2 | 
 | 2 | 0 | 2 | 2 | 1 | 0 | 1 | 
 | 1 | 0 | 1 | 1 | 1 | 0 | 2 | 
 | 2 | 0 | 2 | 1 | 2 | 0 | 2 | 
 | 

tempo em milisegundos 546


Chewbacca jogou.
Duração da jogada = 0 s

 | 0 | 0 | 2 | 1 | 1 | 0 | 0 | 
 | 0 | 0 | 1 | 2 | 2 | 0 | 0 | 
 | 0 | 0 | 2 | 1 | 1 | 0 | 1 | 
 | 2 | 0 | 1 | 1 | 2 | 0 | 2 | 
 | 2 | 0 | 2 | 2 | 1 | 0 | 1 | 
 | 1 | 0 | 1 | 1 | 1 | 0 | 2 | 
 | 2 | 0 | 2 | 1 | 2 | 0 | 2 | 
 | 

Alastor jogou.
Duração da jogada = 0 s

 | 0 | 0 | 2 | 1 | 1 | 0 | 0 | 
 | 0 | 0 | 1 | 2 | 2 | 0 | 0 | 
 | 0 | 0 | 2 | 1 | 1 | 0 | 1 | 
 | 2 | 0 | 1 | 1 | 2 | 0 | 2 | 
 | 2 | 0 | 2 | 2 | 1 | 0 | 1 | 
 | 1 | 0 | 1 | 1 | 1 | 0 | 2 | 
 | 2 | 1 | 2 | 1 | 2 | 0 | 2 | 
 | 

tempo em milisegundos 548


Chewbacca jogou.
Duração da jogada = 0 s

 | 0 | 0 | 2 | 1 | 1 | 0 | 0 | 
 | 0 | 0 | 1 | 2 | 2 | 0 | 0 | 
 | 2 | 0 | 2 | 1 | 1 | 0 | 1 | 
 | 2 | 0 | 1 | 1 | 2 | 0 | 2 | 
 | 2 | 0 | 2 | 2 | 1 | 0 | 1 | 
 | 1 | 0 | 1 | 1 | 1 | 0 | 2 | 
 | 2 | 1 | 2 | 1 | 2 | 0 | 2 | 
 | 

Alastor jogou.
Duração da jogada = 0 s

 | 0 | 0 | 2 | 1 | 1 | 0 | 0 | 
 | 0 | 0 | 1 | 2 | 2 | 0 | 0 | 
 | 2 | 0 | 2 | 1 | 1 | 0 | 1 | 
 | 2 | 0 | 1 | 1 | 2 | 0 | 2 | 
 | 2 | 0 | 2 | 2 | 1 | 0 | 1 | 
 | 1 | 1 | 1 | 1 | 1 | 0 | 2 | 
 | 2 | 1 | 2 | 1 | 2 | 0 | 2 | 
 | 
Alastor venceu Chewbacca perdeu

Novo jogo entre Chewbacca  Alastor

tempo em milisegundos 557


Chewbacca jogou.
Duração da jogada = 0 s

 | 0 | 0 | 0 | 0 | 0 | 0 | 0 | 
 | 0 | 0 | 0 | 0 | 0 | 0 | 0 | 
 | 0 | 0 | 0 | 0 | 0 | 0 | 0 | 
 | 0 | 0 | 0 | 0 | 0 | 0 | 0 | 
 | 0 | 0 | 0 | 0 | 0 | 0 | 0 | 
 | 0 | 0 | 0 | 0 | 0 | 0 | 0 | 
 | 0 | 0 | 0 | 1 | 0 | 0 | 0 | 
 | 

Alastor jogou.
Duração da jogada = 0 s

 | 0 | 0 | 0 | 0 | 0 | 0 | 0 | 
 | 0 | 0 | 0 | 0 | 0 | 0 | 0 | 
 | 0 | 0 | 0 | 0 | 0 | 0 | 0 | 
 | 0 | 0 | 0 | 0 | 0 | 0 | 0 | 
 | 0 | 0 | 0 | 0 | 0 | 0 | 0 | 
 | 0 | 0 | 0 | 2 | 0 | 0 | 0 | 
 | 0 | 0 | 0 | 1 | 0 | 0 | 0 | 
 | 

tempo em milisegundos 564


Chewbacca jogou.
Duração da jogada = 0 s

 | 0 | 0 | 0 | 0 | 0 | 0 | 0 | 
 | 0 | 0 | 0 | 0 | 0 | 0 | 0 | 
 | 0 | 0 | 0 | 0 | 0 | 0 | 0 | 
 | 0 | 0 | 0 | 0 | 0 | 0 | 0 | 
 | 0 | 0 | 0 | 1 | 0 | 0 | 0 | 
 | 0 | 0 | 0 | 2 | 0 | 0 | 0 | 
 | 0 | 0 | 0 | 1 | 0 | 0 | 0 | 
 | 

Alastor jogou.
Duração da jogada = 0 s

 | 0 | 0 | 0 | 0 | 0 | 0 | 0 | 
 | 0 | 0 | 0 | 0 | 0 | 0 | 0 | 
 | 0 | 0 | 0 | 0 | 0 | 0 | 0 | 
 | 0 | 0 | 0 | 2 | 0 | 0 | 0 | 
 | 0 | 0 | 0 | 1 | 0 | 0 | 0 | 
 | 0 | 0 | 0 | 2 | 0 | 0 | 0 | 
 | 0 | 0 | 0 | 1 | 0 | 0 | 0 | 
 | 

tempo em milisegundos 573


Chewbacca jogou.
Duração da jogada = 0 s

 | 0 | 0 | 0 | 0 | 0 | 0 | 0 | 
 | 0 | 0 | 0 | 0 | 0 | 0 | 0 | 
 | 0 | 0 | 0 | 0 | 0 | 0 | 0 | 
 | 0 | 0 | 0 | 2 | 0 | 0 | 0 | 
 | 0 | 0 | 0 | 1 | 0 | 0 | 0 | 
 | 0 | 0 | 0 | 2 | 0 | 0 | 0 | 
 | 0 | 0 | 1 | 1 | 0 | 0 | 0 | 
 | 

Alastor jogou.
Duração da jogada = 1 s

 | 0 | 0 | 0 | 0 | 0 | 0 | 0 | 
 | 0 | 0 | 0 | 0 | 0 | 0 | 0 | 
 | 0 | 0 | 0 | 0 | 0 | 0 | 0 | 
 | 0 | 0 | 0 | 2 | 0 | 0 | 0 | 
 | 0 | 0 | 0 | 1 | 0 | 0 | 0 | 
 | 0 | 0 | 0 | 2 | 0 | 0 | 0 | 
 | 0 | 0 | 1 | 1 | 2 | 0 | 0 | 
 | 

tempo em milisegundos 587


Chewbacca jogou.
Duração da jogada = 0 s

 | 0 | 0 | 0 | 0 | 0 | 0 | 0 | 
 | 0 | 0 | 0 | 0 | 0 | 0 | 0 | 
 | 0 | 0 | 0 | 0 | 0 | 0 | 0 | 
 | 0 | 0 | 0 | 2 | 0 | 0 | 0 | 
 | 0 | 0 | 0 | 1 | 0 | 0 | 0 | 
 | 0 | 0 | 0 | 2 | 1 | 0 | 0 | 
 | 0 | 0 | 1 | 1 | 2 | 0 | 0 | 
 | 

Alastor jogou.
Duração da jogada = 0 s

 | 0 | 0 | 0 | 0 | 0 | 0 | 0 | 
 | 0 | 0 | 0 | 0 | 0 | 0 | 0 | 
 | 0 | 0 | 0 | 2 | 0 | 0 | 0 | 
 | 0 | 0 | 0 | 2 | 0 | 0 | 0 | 
 | 0 | 0 | 0 | 1 | 0 | 0 | 0 | 
 | 0 | 0 | 0 | 2 | 1 | 0 | 0 | 
 | 0 | 0 | 1 | 1 | 2 | 0 | 0 | 
 | 

tempo em milisegundos 597


Chewbacca jogou.
Duração da jogada = 0 s

 | 0 | 0 | 0 | 0 | 0 | 0 | 0 | 
 | 0 | 0 | 0 | 1 | 0 | 0 | 0 | 
 | 0 | 0 | 0 | 2 | 0 | 0 | 0 | 
 | 0 | 0 | 0 | 2 | 0 | 0 | 0 | 
 | 0 | 0 | 0 | 1 | 0 | 0 | 0 | 
 | 0 | 0 | 0 | 2 | 1 | 0 | 0 | 
 | 0 | 0 | 1 | 1 | 2 | 0 | 0 | 
 | 

Alastor jogou.
Duração da jogada = 0 s

 | 0 | 0 | 0 | 0 | 0 | 0 | 0 | 
 | 0 | 0 | 0 | 1 | 0 | 0 | 0 | 
 | 0 | 0 | 0 | 2 | 0 | 0 | 0 | 
 | 0 | 0 | 0 | 2 | 0 | 0 | 0 | 
 | 0 | 0 | 0 | 1 | 0 | 0 | 0 | 
 | 0 | 0 | 0 | 2 | 1 | 0 | 0 | 
 | 0 | 2 | 1 | 1 | 2 | 0 | 0 | 
 | 

tempo em milisegundos 607


Chewbacca jogou.
Duração da jogada = 0 s

 | 0 | 0 | 0 | 0 | 0 | 0 | 0 | 
 | 0 | 0 | 0 | 1 | 0 | 0 | 0 | 
 | 0 | 0 | 0 | 2 | 0 | 0 | 0 | 
 | 0 | 0 | 0 | 2 | 0 | 0 | 0 | 
 | 0 | 0 | 0 | 1 | 0 | 0 | 0 | 
 | 0 | 1 | 0 | 2 | 1 | 0 | 0 | 
 | 0 | 2 | 1 | 1 | 2 | 0 | 0 | 
 | 

Alastor jogou.
Duração da jogada = 0 s

 | 0 | 0 | 0 | 0 | 0 | 0 | 0 | 
 | 0 | 0 | 0 | 1 | 0 | 0 | 0 | 
 | 0 | 0 | 0 | 2 | 0 | 0 | 0 | 
 | 0 | 0 | 0 | 2 | 0 | 0 | 0 | 
 | 0 | 0 | 0 | 1 | 2 | 0 | 0 | 
 | 0 | 1 | 0 | 2 | 1 | 0 | 0 | 
 | 0 | 2 | 1 | 1 | 2 | 0 | 0 | 
 | 

tempo em milisegundos 621


Chewbacca jogou.
Duração da jogada = 0 s

 | 0 | 0 | 0 | 0 | 0 | 0 | 0 | 
 | 0 | 0 | 0 | 1 | 0 | 0 | 0 | 
 | 0 | 0 | 0 | 2 | 0 | 0 | 0 | 
 | 0 | 0 | 0 | 2 | 0 | 0 | 0 | 
 | 0 | 0 | 0 | 1 | 2 | 0 | 0 | 
 | 0 | 1 | 0 | 2 | 1 | 0 | 0 | 
 | 0 | 2 | 1 | 1 | 2 | 0 | 1 | 
 | 

Alastor jogou.
Duração da jogada = 0 s

 | 0 | 0 | 0 | 0 | 0 | 0 | 0 | 
 | 0 | 0 | 0 | 1 | 0 | 0 | 0 | 
 | 0 | 0 | 0 | 2 | 0 | 0 | 0 | 
 | 0 | 0 | 0 | 2 | 2 | 0 | 0 | 
 | 0 | 0 | 0 | 1 | 2 | 0 | 0 | 
 | 0 | 1 | 0 | 2 | 1 | 0 | 0 | 
 | 0 | 2 | 1 | 1 | 2 | 0 | 1 | 
 | 

tempo em milisegundos 632


Chewbacca jogou.
Duração da jogada = 0 s

 | 0 | 0 | 0 | 0 | 0 | 0 | 0 | 
 | 0 | 0 | 0 | 1 | 0 | 0 | 0 | 
 | 0 | 0 | 0 | 2 | 1 | 0 | 0 | 
 | 0 | 0 | 0 | 2 | 2 | 0 | 0 | 
 | 0 | 0 | 0 | 1 | 2 | 0 | 0 | 
 | 0 | 1 | 0 | 2 | 1 | 0 | 0 | 
 | 0 | 2 | 1 | 1 | 2 | 0 | 1 | 
 | 

Alastor jogou.
Duração da jogada = 0 s

 | 0 | 0 | 0 | 0 | 0 | 0 | 0 | 
 | 0 | 0 | 0 | 1 | 0 | 0 | 0 | 
 | 0 | 0 | 0 | 2 | 1 | 0 | 0 | 
 | 0 | 0 | 0 | 2 | 2 | 0 | 0 | 
 | 0 | 0 | 0 | 1 | 2 | 0 | 0 | 
 | 0 | 1 | 0 | 2 | 1 | 0 | 0 | 
 | 0 | 2 | 1 | 1 | 2 | 2 | 1 | 
 | 

tempo em milisegundos 649


Chewbacca jogou.
Duração da jogada = 0 s

 | 0 | 0 | 0 | 0 | 0 | 0 | 0 | 
 | 0 | 0 | 0 | 1 | 0 | 0 | 0 | 
 | 0 | 0 | 0 | 2 | 1 | 0 | 0 | 
 | 0 | 0 | 0 | 2 | 2 | 0 | 0 | 
 | 0 | 0 | 0 | 1 | 2 | 0 | 0 | 
 | 0 | 1 | 0 | 2 | 1 | 0 | 1 | 
 | 0 | 2 | 1 | 1 | 2 | 2 | 1 | 
 | 

Alastor jogou.
Duração da jogada = 0 s

 | 0 | 0 | 0 | 0 | 0 | 0 | 0 | 
 | 0 | 0 | 0 | 1 | 0 | 0 | 0 | 
 | 0 | 0 | 0 | 2 | 1 | 0 | 0 | 
 | 0 | 0 | 0 | 2 | 2 | 0 | 0 | 
 | 0 | 0 | 0 | 1 | 2 | 0 | 0 | 
 | 0 | 1 | 0 | 2 | 1 | 2 | 1 | 
 | 0 | 2 | 1 | 1 | 2 | 2 | 1 | 
 | 

tempo em milisegundos 661


Chewbacca jogou.
Duração da jogada = 0 s

 | 0 | 0 | 0 | 0 | 0 | 0 | 0 | 
 | 0 | 0 | 0 | 1 | 0 | 0 | 0 | 
 | 0 | 0 | 0 | 2 | 1 | 0 | 0 | 
 | 0 | 0 | 0 | 2 | 2 | 0 | 0 | 
 | 0 | 0 | 0 | 1 | 2 | 0 | 0 | 
 | 0 | 1 | 0 | 2 | 1 | 2 | 1 | 
 | 1 | 2 | 1 | 1 | 2 | 2 | 1 | 
 | 

Alastor jogou.
Duração da jogada = 1 s

 | 0 | 0 | 0 | 0 | 0 | 0 | 0 | 
 | 0 | 0 | 0 | 1 | 0 | 0 | 0 | 
 | 0 | 0 | 0 | 2 | 1 | 0 | 0 | 
 | 0 | 0 | 0 | 2 | 2 | 0 | 0 | 
 | 0 | 0 | 0 | 1 | 2 | 0 | 0 | 
 | 0 | 1 | 2 | 2 | 1 | 2 | 1 | 
 | 1 | 2 | 1 | 1 | 2 | 2 | 1 | 
 | 

tempo em milisegundos 683


Chewbacca jogou.
Duração da jogada = 0 s

 | 0 | 0 | 0 | 0 | 0 | 0 | 0 | 
 | 0 | 0 | 0 | 1 | 0 | 0 | 0 | 
 | 0 | 0 | 0 | 2 | 1 | 0 | 0 | 
 | 0 | 0 | 0 | 2 | 2 | 0 | 0 | 
 | 0 | 0 | 0 | 1 | 2 | 0 | 1 | 
 | 0 | 1 | 2 | 2 | 1 | 2 | 1 | 
 | 1 | 2 | 1 | 1 | 2 | 2 | 1 | 
 | 

Alastor jogou.
Duração da jogada = 0 s

 | 0 | 0 | 0 | 0 | 0 | 0 | 0 | 
 | 0 | 0 | 0 | 1 | 0 | 0 | 0 | 
 | 0 | 0 | 0 | 2 | 1 | 0 | 0 | 
 | 0 | 0 | 0 | 2 | 2 | 0 | 2 | 
 | 0 | 0 | 0 | 1 | 2 | 0 | 1 | 
 | 0 | 1 | 2 | 2 | 1 | 2 | 1 | 
 | 1 | 2 | 1 | 1 | 2 | 2 | 1 | 
 | 

tempo em milisegundos 699


Chewbacca jogou.
Duração da jogada = 0 s

 | 0 | 0 | 0 | 0 | 0 | 0 | 0 | 
 | 0 | 0 | 0 | 1 | 0 | 0 | 0 | 
 | 0 | 0 | 0 | 2 | 1 | 0 | 0 | 
 | 0 | 0 | 0 | 2 | 2 | 0 | 2 | 
 | 0 | 0 | 0 | 1 | 2 | 1 | 1 | 
 | 0 | 1 | 2 | 2 | 1 | 2 | 1 | 
 | 1 | 2 | 1 | 1 | 2 | 2 | 1 | 
 | 

Alastor jogou.
Duração da jogada = 0 s

 | 0 | 0 | 0 | 0 | 0 | 0 | 0 | 
 | 0 | 0 | 0 | 1 | 0 | 0 | 0 | 
 | 0 | 0 | 0 | 2 | 1 | 0 | 0 | 
 | 0 | 0 | 0 | 2 | 2 | 2 | 2 | 
 | 0 | 0 | 0 | 1 | 2 | 1 | 1 | 
 | 0 | 1 | 2 | 2 | 1 | 2 | 1 | 
 | 1 | 2 | 1 | 1 | 2 | 2 | 1 | 
 | 
Chewbacca perdeu Alastor venceu

Novo jogo entre IdeiaFix  Chewbacca

IdeiaFix jogou.
Duração da jogada = 0 s

 | 0 | 0 | 0 | 0 | 0 | 0 | 0 | 
 | 0 | 0 | 0 | 0 | 0 | 0 | 0 | 
 | 0 | 0 | 0 | 0 | 0 | 0 | 0 | 
 | 0 | 0 | 0 | 0 | 0 | 0 | 0 | 
 | 0 | 0 | 0 | 0 | 0 | 0 | 0 | 
 | 0 | 0 | 0 | 0 | 0 | 0 | 0 | 
 | 0 | 0 | 0 | 1 | 0 | 0 | 0 | 
 | 

tempo em milisegundos 706


Chewbacca jogou.
Duração da jogada = 0 s

 | 0 | 0 | 0 | 0 | 0 | 0 | 0 | 
 | 0 | 0 | 0 | 0 | 0 | 0 | 0 | 
 | 0 | 0 | 0 | 0 | 0 | 0 | 0 | 
 | 0 | 0 | 0 | 0 | 0 | 0 | 0 | 
 | 0 | 0 | 0 | 0 | 0 | 0 | 0 | 
 | 0 | 0 | 0 | 0 | 0 | 0 | 0 | 
 | 0 | 0 | 2 | 1 | 0 | 0 | 0 | 
 | 

IdeiaFix jogou.
Duração da jogada = 0 s

 | 0 | 0 | 0 | 0 | 0 | 0 | 0 | 
 | 0 | 0 | 0 | 0 | 0 | 0 | 0 | 
 | 0 | 0 | 0 | 0 | 0 | 0 | 0 | 
 | 0 | 0 | 0 | 0 | 0 | 0 | 0 | 
 | 0 | 0 | 0 | 0 | 0 | 0 | 0 | 
 | 0 | 0 | 0 | 1 | 0 | 0 | 0 | 
 | 0 | 0 | 2 | 1 | 0 | 0 | 0 | 
 | 

tempo em milisegundos 719


Chewbacca jogou.
Duração da jogada = 0 s

 | 0 | 0 | 0 | 0 | 0 | 0 | 0 | 
 | 0 | 0 | 0 | 0 | 0 | 0 | 0 | 
 | 0 | 0 | 0 | 0 | 0 | 0 | 0 | 
 | 0 | 0 | 0 | 0 | 0 | 0 | 0 | 
 | 0 | 0 | 0 | 2 | 0 | 0 | 0 | 
 | 0 | 0 | 0 | 1 | 0 | 0 | 0 | 
 | 0 | 0 | 2 | 1 | 0 | 0 | 0 | 
 | 

IdeiaFix jogou.
Duração da jogada = 0 s

 | 0 | 0 | 0 | 0 | 0 | 0 | 0 | 
 | 0 | 0 | 0 | 0 | 0 | 0 | 0 | 
 | 0 | 0 | 0 | 0 | 0 | 0 | 0 | 
 | 0 | 0 | 0 | 1 | 0 | 0 | 0 | 
 | 0 | 0 | 0 | 2 | 0 | 0 | 0 | 
 | 0 | 0 | 0 | 1 | 0 | 0 | 0 | 
 | 0 | 0 | 2 | 1 | 0 | 0 | 0 | 
 | 

tempo em milisegundos 728


Chewbacca jogou.
Duração da jogada = 0 s

 | 0 | 0 | 0 | 0 | 0 | 0 | 0 | 
 | 0 | 0 | 0 | 0 | 0 | 0 | 0 | 
 | 0 | 0 | 0 | 0 | 0 | 0 | 0 | 
 | 0 | 0 | 0 | 1 | 0 | 0 | 0 | 
 | 0 | 0 | 0 | 2 | 0 | 0 | 0 | 
 | 0 | 0 | 0 | 1 | 0 | 0 | 0 | 
 | 0 | 0 | 2 | 1 | 0 | 0 | 2 | 
 | 

IdeiaFix jogou.
Duração da jogada = 0 s

 | 0 | 0 | 0 | 0 | 0 | 0 | 0 | 
 | 0 | 0 | 0 | 0 | 0 | 0 | 0 | 
 | 0 | 0 | 0 | 1 | 0 | 0 | 0 | 
 | 0 | 0 | 0 | 1 | 0 | 0 | 0 | 
 | 0 | 0 | 0 | 2 | 0 | 0 | 0 | 
 | 0 | 0 | 0 | 1 | 0 | 0 | 0 | 
 | 0 | 0 | 2 | 1 | 0 | 0 | 2 | 
 | 

tempo em milisegundos 738


Chewbacca jogou.
Duração da jogada = 0 s

 | 0 | 0 | 0 | 0 | 0 | 0 | 0 | 
 | 0 | 0 | 0 | 2 | 0 | 0 | 0 | 
 | 0 | 0 | 0 | 1 | 0 | 0 | 0 | 
 | 0 | 0 | 0 | 1 | 0 | 0 | 0 | 
 | 0 | 0 | 0 | 2 | 0 | 0 | 0 | 
 | 0 | 0 | 0 | 1 | 0 | 0 | 0 | 
 | 0 | 0 | 2 | 1 | 0 | 0 | 2 | 
 | 

IdeiaFix jogou.
Duração da jogada = 0 s

 | 0 | 0 | 0 | 0 | 0 | 0 | 0 | 
 | 0 | 0 | 0 | 2 | 0 | 0 | 0 | 
 | 0 | 0 | 0 | 1 | 0 | 0 | 0 | 
 | 0 | 0 | 0 | 1 | 0 | 0 | 0 | 
 | 0 | 0 | 0 | 2 | 0 | 0 | 0 | 
 | 0 | 0 | 1 | 1 | 0 | 0 | 0 | 
 | 0 | 0 | 2 | 1 | 0 | 0 | 2 | 
 | 

tempo em milisegundos 752


Chewbacca jogou.
Duração da jogada = 0 s

 | 0 | 0 | 0 | 0 | 0 | 0 | 0 | 
 | 0 | 0 | 0 | 2 | 0 | 0 | 0 | 
 | 0 | 0 | 0 | 1 | 0 | 0 | 0 | 
 | 0 | 0 | 0 | 1 | 0 | 0 | 0 | 
 | 0 | 0 | 2 | 2 | 0 | 0 | 0 | 
 | 0 | 0 | 1 | 1 | 0 | 0 | 0 | 
 | 0 | 0 | 2 | 1 | 0 | 0 | 2 | 
 | 

IdeiaFix jogou.
Duração da jogada = 0 s

 | 0 | 0 | 0 | 0 | 0 | 0 | 0 | 
 | 0 | 0 | 0 | 2 | 0 | 0 | 0 | 
 | 0 | 0 | 0 | 1 | 0 | 0 | 0 | 
 | 0 | 0 | 1 | 1 | 0 | 0 | 0 | 
 | 0 | 0 | 2 | 2 | 0 | 0 | 0 | 
 | 0 | 0 | 1 | 1 | 0 | 0 | 0 | 
 | 0 | 0 | 2 | 1 | 0 | 0 | 2 | 
 | 

tempo em milisegundos 761


Chewbacca jogou.
Duração da jogada = 0 s

 | 0 | 0 | 0 | 0 | 0 | 0 | 0 | 
 | 0 | 0 | 0 | 2 | 0 | 0 | 0 | 
 | 0 | 0 | 2 | 1 | 0 | 0 | 0 | 
 | 0 | 0 | 1 | 1 | 0 | 0 | 0 | 
 | 0 | 0 | 2 | 2 | 0 | 0 | 0 | 
 | 0 | 0 | 1 | 1 | 0 | 0 | 0 | 
 | 0 | 0 | 2 | 1 | 0 | 0 | 2 | 
 | 

IdeiaFix jogou.
Duração da jogada = 0 s

 | 0 | 0 | 0 | 0 | 0 | 0 | 0 | 
 | 0 | 0 | 1 | 2 | 0 | 0 | 0 | 
 | 0 | 0 | 2 | 1 | 0 | 0 | 0 | 
 | 0 | 0 | 1 | 1 | 0 | 0 | 0 | 
 | 0 | 0 | 2 | 2 | 0 | 0 | 0 | 
 | 0 | 0 | 1 | 1 | 0 | 0 | 0 | 
 | 0 | 0 | 2 | 1 | 0 | 0 | 2 | 
 | 

tempo em milisegundos 770


Chewbacca jogou.
Duração da jogada = 0 s

 | 0 | 0 | 0 | 0 | 0 | 0 | 0 | 
 | 0 | 0 | 1 | 2 | 0 | 0 | 0 | 
 | 0 | 0 | 2 | 1 | 0 | 0 | 0 | 
 | 0 | 0 | 1 | 1 | 0 | 0 | 0 | 
 | 0 | 0 | 2 | 2 | 0 | 0 | 0 | 
 | 0 | 0 | 1 | 1 | 0 | 0 | 2 | 
 | 0 | 0 | 2 | 1 | 0 | 0 | 2 | 
 | 

IdeiaFix jogou.
Duração da jogada = 0 s

 | 0 | 0 | 0 | 1 | 0 | 0 | 0 | 
 | 0 | 0 | 1 | 2 | 0 | 0 | 0 | 
 | 0 | 0 | 2 | 1 | 0 | 0 | 0 | 
 | 0 | 0 | 1 | 1 | 0 | 0 | 0 | 
 | 0 | 0 | 2 | 2 | 0 | 0 | 0 | 
 | 0 | 0 | 1 | 1 | 0 | 0 | 2 | 
 | 0 | 0 | 2 | 1 | 0 | 0 | 2 | 
 | 

tempo em milisegundos 776


Chewbacca jogou.
Duração da jogada = 0 s

 | 0 | 0 | 2 | 1 | 0 | 0 | 0 | 
 | 0 | 0 | 1 | 2 | 0 | 0 | 0 | 
 | 0 | 0 | 2 | 1 | 0 | 0 | 0 | 
 | 0 | 0 | 1 | 1 | 0 | 0 | 0 | 
 | 0 | 0 | 2 | 2 | 0 | 0 | 0 | 
 | 0 | 0 | 1 | 1 | 0 | 0 | 2 | 
 | 0 | 0 | 2 | 1 | 0 | 0 | 2 | 
 | 

IdeiaFix jogou.
Duração da jogada = 0 s

 | 0 | 0 | 2 | 1 | 0 | 0 | 0 | 
 | 0 | 0 | 1 | 2 | 0 | 0 | 0 | 
 | 0 | 0 | 2 | 1 | 0 | 0 | 0 | 
 | 0 | 0 | 1 | 1 | 0 | 0 | 0 | 
 | 0 | 0 | 2 | 2 | 0 | 0 | 1 | 
 | 0 | 0 | 1 | 1 | 0 | 0 | 2 | 
 | 0 | 0 | 2 | 1 | 0 | 0 | 2 | 
 | 

tempo em milisegundos 781


Chewbacca jogou.
Duração da jogada = 0 s

 | 0 | 0 | 2 | 1 | 0 | 0 | 0 | 
 | 0 | 0 | 1 | 2 | 0 | 0 | 0 | 
 | 0 | 0 | 2 | 1 | 0 | 0 | 0 | 
 | 0 | 0 | 1 | 1 | 0 | 0 | 2 | 
 | 0 | 0 | 2 | 2 | 0 | 0 | 1 | 
 | 0 | 0 | 1 | 1 | 0 | 0 | 2 | 
 | 0 | 0 | 2 | 1 | 0 | 0 | 2 | 
 | 

IdeiaFix jogou.
Duração da jogada = 0 s

 | 0 | 0 | 2 | 1 | 0 | 0 | 0 | 
 | 0 | 0 | 1 | 2 | 0 | 0 | 0 | 
 | 0 | 0 | 2 | 1 | 0 | 0 | 1 | 
 | 0 | 0 | 1 | 1 | 0 | 0 | 2 | 
 | 0 | 0 | 2 | 2 | 0 | 0 | 1 | 
 | 0 | 0 | 1 | 1 | 0 | 0 | 2 | 
 | 0 | 0 | 2 | 1 | 0 | 0 | 2 | 
 | 

tempo em milisegundos 785


Chewbacca jogou.
Duração da jogada = 0 s

 | 0 | 0 | 2 | 1 | 0 | 0 | 0 | 
 | 0 | 0 | 1 | 2 | 0 | 0 | 0 | 
 | 0 | 0 | 2 | 1 | 0 | 0 | 1 | 
 | 0 | 0 | 1 | 1 | 0 | 0 | 2 | 
 | 0 | 0 | 2 | 2 | 0 | 0 | 1 | 
 | 0 | 0 | 1 | 1 | 0 | 0 | 2 | 
 | 2 | 0 | 2 | 1 | 0 | 0 | 2 | 
 | 

IdeiaFix jogou.
Duração da jogada = 0 s

 | 0 | 0 | 2 | 1 | 0 | 0 | 0 | 
 | 0 | 0 | 1 | 2 | 0 | 0 | 0 | 
 | 0 | 0 | 2 | 1 | 0 | 0 | 1 | 
 | 0 | 0 | 1 | 1 | 0 | 0 | 2 | 
 | 0 | 0 | 2 | 2 | 0 | 0 | 1 | 
 | 1 | 0 | 1 | 1 | 0 | 0 | 2 | 
 | 2 | 0 | 2 | 1 | 0 | 0 | 2 | 
 | 

tempo em milisegundos 790


Chewbacca jogou.
Duração da jogada = 0 s

 | 0 | 0 | 2 | 1 | 0 | 0 | 0 | 
 | 0 | 0 | 1 | 2 | 0 | 0 | 0 | 
 | 0 | 0 | 2 | 1 | 0 | 0 | 1 | 
 | 0 | 0 | 1 | 1 | 0 | 0 | 2 | 
 | 0 | 0 | 2 | 2 | 0 | 0 | 1 | 
 | 1 | 0 | 1 | 1 | 0 | 0 | 2 | 
 | 2 | 0 | 2 | 1 | 2 | 0 | 2 | 
 | 

IdeiaFix jogou.
Duração da jogada = 0 s

 | 0 | 0 | 2 | 1 | 0 | 0 | 0 | 
 | 0 | 0 | 1 | 2 | 0 | 0 | 0 | 
 | 0 | 0 | 2 | 1 | 0 | 0 | 1 | 
 | 0 | 0 | 1 | 1 | 0 | 0 | 2 | 
 | 0 | 0 | 2 | 2 | 0 | 0 | 1 | 
 | 1 | 0 | 1 | 1 | 1 | 0 | 2 | 
 | 2 | 0 | 2 | 1 | 2 | 0 | 2 | 
 | 

tempo em milisegundos 794


Chewbacca jogou.
Duração da jogada = 0 s

 | 0 | 0 | 2 | 1 | 0 | 0 | 0 | 
 | 0 | 0 | 1 | 2 | 0 | 0 | 0 | 
 | 0 | 0 | 2 | 1 | 0 | 0 | 1 | 
 | 0 | 0 | 1 | 1 | 0 | 0 | 2 | 
 | 2 | 0 | 2 | 2 | 0 | 0 | 1 | 
 | 1 | 0 | 1 | 1 | 1 | 0 | 2 | 
 | 2 | 0 | 2 | 1 | 2 | 0 | 2 | 
 | 

IdeiaFix jogou.
Duração da jogada = 0 s

 | 0 | 0 | 2 | 1 | 0 | 0 | 0 | 
 | 0 | 0 | 1 | 2 | 0 | 0 | 0 | 
 | 0 | 0 | 2 | 1 | 0 | 0 | 1 | 
 | 0 | 0 | 1 | 1 | 0 | 0 | 2 | 
 | 2 | 0 | 2 | 2 | 1 | 0 | 1 | 
 | 1 | 0 | 1 | 1 | 1 | 0 | 2 | 
 | 2 | 0 | 2 | 1 | 2 | 0 | 2 | 
 | 

tempo em milisegundos 797


Chewbacca jogou.
Duração da jogada = 0 s

 | 0 | 0 | 2 | 1 | 0 | 0 | 0 | 
 | 0 | 0 | 1 | 2 | 0 | 0 | 0 | 
 | 0 | 0 | 2 | 1 | 0 | 0 | 1 | 
 | 0 | 0 | 1 | 1 | 2 | 0 | 2 | 
 | 2 | 0 | 2 | 2 | 1 | 0 | 1 | 
 | 1 | 0 | 1 | 1 | 1 | 0 | 2 | 
 | 2 | 0 | 2 | 1 | 2 | 0 | 2 | 
 | 

IdeiaFix jogou.
Duração da jogada = 0 s

 | 0 | 0 | 2 | 1 | 0 | 0 | 0 | 
 | 0 | 0 | 1 | 2 | 0 | 0 | 0 | 
 | 0 | 0 | 2 | 1 | 1 | 0 | 1 | 
 | 0 | 0 | 1 | 1 | 2 | 0 | 2 | 
 | 2 | 0 | 2 | 2 | 1 | 0 | 1 | 
 | 1 | 0 | 1 | 1 | 1 | 0 | 2 | 
 | 2 | 0 | 2 | 1 | 2 | 0 | 2 | 
 | 

tempo em milisegundos 800


Chewbacca jogou.
Duração da jogada = 0 s

 | 0 | 0 | 2 | 1 | 0 | 0 | 0 | 
 | 0 | 0 | 1 | 2 | 2 | 0 | 0 | 
 | 0 | 0 | 2 | 1 | 1 | 0 | 1 | 
 | 0 | 0 | 1 | 1 | 2 | 0 | 2 | 
 | 2 | 0 | 2 | 2 | 1 | 0 | 1 | 
 | 1 | 0 | 1 | 1 | 1 | 0 | 2 | 
 | 2 | 0 | 2 | 1 | 2 | 0 | 2 | 
 | 

IdeiaFix jogou.
Duração da jogada = 0 s

 | 0 | 0 | 2 | 1 | 1 | 0 | 0 | 
 | 0 | 0 | 1 | 2 | 2 | 0 | 0 | 
 | 0 | 0 | 2 | 1 | 1 | 0 | 1 | 
 | 0 | 0 | 1 | 1 | 2 | 0 | 2 | 
 | 2 | 0 | 2 | 2 | 1 | 0 | 1 | 
 | 1 | 0 | 1 | 1 | 1 | 0 | 2 | 
 | 2 | 0 | 2 | 1 | 2 | 0 | 2 | 
 | 

tempo em milisegundos 802


Chewbacca jogou.
Duração da jogada = 0 s

 | 0 | 0 | 2 | 1 | 1 | 0 | 0 | 
 | 0 | 0 | 1 | 2 | 2 | 0 | 0 | 
 | 0 | 0 | 2 | 1 | 1 | 0 | 1 | 
 | 2 | 0 | 1 | 1 | 2 | 0 | 2 | 
 | 2 | 0 | 2 | 2 | 1 | 0 | 1 | 
 | 1 | 0 | 1 | 1 | 1 | 0 | 2 | 
 | 2 | 0 | 2 | 1 | 2 | 0 | 2 | 
 | 

IdeiaFix jogou.
Duração da jogada = 0 s

 | 0 | 0 | 2 | 1 | 1 | 0 | 0 | 
 | 0 | 0 | 1 | 2 | 2 | 0 | 0 | 
 | 0 | 0 | 2 | 1 | 1 | 0 | 1 | 
 | 2 | 0 | 1 | 1 | 2 | 0 | 2 | 
 | 2 | 0 | 2 | 2 | 1 | 0 | 1 | 
 | 1 | 0 | 1 | 1 | 1 | 0 | 2 | 
 | 2 | 1 | 2 | 1 | 2 | 0 | 2 | 
 | 

tempo em milisegundos 806


Chewbacca jogou.
Duração da jogada = 0 s

 | 0 | 0 | 2 | 1 | 1 | 0 | 0 | 
 | 0 | 0 | 1 | 2 | 2 | 0 | 0 | 
 | 2 | 0 | 2 | 1 | 1 | 0 | 1 | 
 | 2 | 0 | 1 | 1 | 2 | 0 | 2 | 
 | 2 | 0 | 2 | 2 | 1 | 0 | 1 | 
 | 1 | 0 | 1 | 1 | 1 | 0 | 2 | 
 | 2 | 1 | 2 | 1 | 2 | 0 | 2 | 
 | 

IdeiaFix jogou.
Duração da jogada = 0 s

 | 0 | 0 | 2 | 1 | 1 | 0 | 0 | 
 | 0 | 0 | 1 | 2 | 2 | 0 | 0 | 
 | 2 | 0 | 2 | 1 | 1 | 0 | 1 | 
 | 2 | 0 | 1 | 1 | 2 | 0 | 2 | 
 | 2 | 0 | 2 | 2 | 1 | 0 | 1 | 
 | 1 | 1 | 1 | 1 | 1 | 0 | 2 | 
 | 2 | 1 | 2 | 1 | 2 | 0 | 2 | 
 | 
IdeiaFix venceu Chewbacca perdeu

Novo jogo entre Chewbacca  IdeiaFix

tempo em milisegundos 819


Chewbacca jogou.
Duração da jogada = 0 s

 | 0 | 0 | 0 | 0 | 0 | 0 | 0 | 
 | 0 | 0 | 0 | 0 | 0 | 0 | 0 | 
 | 0 | 0 | 0 | 0 | 0 | 0 | 0 | 
 | 0 | 0 | 0 | 0 | 0 | 0 | 0 | 
 | 0 | 0 | 0 | 0 | 0 | 0 | 0 | 
 | 0 | 0 | 0 | 0 | 0 | 0 | 0 | 
 | 0 | 0 | 0 | 1 | 0 | 0 | 0 | 
 | 

IdeiaFix jogou.
Duração da jogada = 0 s

 | 0 | 0 | 0 | 0 | 0 | 0 | 0 | 
 | 0 | 0 | 0 | 0 | 0 | 0 | 0 | 
 | 0 | 0 | 0 | 0 | 0 | 0 | 0 | 
 | 0 | 0 | 0 | 0 | 0 | 0 | 0 | 
 | 0 | 0 | 0 | 0 | 0 | 0 | 0 | 
 | 0 | 0 | 0 | 2 | 0 | 0 | 0 | 
 | 0 | 0 | 0 | 1 | 0 | 0 | 0 | 
 | 

tempo em milisegundos 826


Chewbacca jogou.
Duração da jogada = 0 s

 | 0 | 0 | 0 | 0 | 0 | 0 | 0 | 
 | 0 | 0 | 0 | 0 | 0 | 0 | 0 | 
 | 0 | 0 | 0 | 0 | 0 | 0 | 0 | 
 | 0 | 0 | 0 | 0 | 0 | 0 | 0 | 
 | 0 | 0 | 0 | 1 | 0 | 0 | 0 | 
 | 0 | 0 | 0 | 2 | 0 | 0 | 0 | 
 | 0 | 0 | 0 | 1 | 0 | 0 | 0 | 
 | 

IdeiaFix jogou.
Duração da jogada = 0 s

 | 0 | 0 | 0 | 0 | 0 | 0 | 0 | 
 | 0 | 0 | 0 | 0 | 0 | 0 | 0 | 
 | 0 | 0 | 0 | 0 | 0 | 0 | 0 | 
 | 0 | 0 | 0 | 2 | 0 | 0 | 0 | 
 | 0 | 0 | 0 | 1 | 0 | 0 | 0 | 
 | 0 | 0 | 0 | 2 | 0 | 0 | 0 | 
 | 0 | 0 | 0 | 1 | 0 | 0 | 0 | 
 | 

tempo em milisegundos 834


Chewbacca jogou.
Duração da jogada = 0 s

 | 0 | 0 | 0 | 0 | 0 | 0 | 0 | 
 | 0 | 0 | 0 | 0 | 0 | 0 | 0 | 
 | 0 | 0 | 0 | 0 | 0 | 0 | 0 | 
 | 0 | 0 | 0 | 2 | 0 | 0 | 0 | 
 | 0 | 0 | 0 | 1 | 0 | 0 | 0 | 
 | 0 | 0 | 0 | 2 | 0 | 0 | 0 | 
 | 0 | 0 | 1 | 1 | 0 | 0 | 0 | 
 | 

IdeiaFix jogou.
Duração da jogada = 1 s

 | 0 | 0 | 0 | 0 | 0 | 0 | 0 | 
 | 0 | 0 | 0 | 0 | 0 | 0 | 0 | 
 | 0 | 0 | 0 | 0 | 0 | 0 | 0 | 
 | 0 | 0 | 0 | 2 | 0 | 0 | 0 | 
 | 0 | 0 | 0 | 1 | 0 | 0 | 0 | 
 | 0 | 0 | 0 | 2 | 0 | 0 | 0 | 
 | 0 | 0 | 1 | 1 | 2 | 0 | 0 | 
 | 

tempo em milisegundos 851


Chewbacca jogou.
Duração da jogada = 0 s

 | 0 | 0 | 0 | 0 | 0 | 0 | 0 | 
 | 0 | 0 | 0 | 0 | 0 | 0 | 0 | 
 | 0 | 0 | 0 | 0 | 0 | 0 | 0 | 
 | 0 | 0 | 0 | 2 | 0 | 0 | 0 | 
 | 0 | 0 | 0 | 1 | 0 | 0 | 0 | 
 | 0 | 0 | 0 | 2 | 1 | 0 | 0 | 
 | 0 | 0 | 1 | 1 | 2 | 0 | 0 | 
 | 

IdeiaFix jogou.
Duração da jogada = 0 s

 | 0 | 0 | 0 | 0 | 0 | 0 | 0 | 
 | 0 | 0 | 0 | 0 | 0 | 0 | 0 | 
 | 0 | 0 | 0 | 2 | 0 | 0 | 0 | 
 | 0 | 0 | 0 | 2 | 0 | 0 | 0 | 
 | 0 | 0 | 0 | 1 | 0 | 0 | 0 | 
 | 0 | 0 | 0 | 2 | 1 | 0 | 0 | 
 | 0 | 0 | 1 | 1 | 2 | 0 | 0 | 
 | 

tempo em milisegundos 861


Chewbacca jogou.
Duração da jogada = 0 s

 | 0 | 0 | 0 | 0 | 0 | 0 | 0 | 
 | 0 | 0 | 0 | 1 | 0 | 0 | 0 | 
 | 0 | 0 | 0 | 2 | 0 | 0 | 0 | 
 | 0 | 0 | 0 | 2 | 0 | 0 | 0 | 
 | 0 | 0 | 0 | 1 | 0 | 0 | 0 | 
 | 0 | 0 | 0 | 2 | 1 | 0 | 0 | 
 | 0 | 0 | 1 | 1 | 2 | 0 | 0 | 
 | 

IdeiaFix jogou.
Duração da jogada = 0 s

 | 0 | 0 | 0 | 0 | 0 | 0 | 0 | 
 | 0 | 0 | 0 | 1 | 0 | 0 | 0 | 
 | 0 | 0 | 0 | 2 | 0 | 0 | 0 | 
 | 0 | 0 | 0 | 2 | 0 | 0 | 0 | 
 | 0 | 0 | 0 | 1 | 0 | 0 | 0 | 
 | 0 | 0 | 0 | 2 | 1 | 0 | 0 | 
 | 0 | 2 | 1 | 1 | 2 | 0 | 0 | 
 | 

tempo em milisegundos 871


Chewbacca jogou.
Duração da jogada = 0 s

 | 0 | 0 | 0 | 0 | 0 | 0 | 0 | 
 | 0 | 0 | 0 | 1 | 0 | 0 | 0 | 
 | 0 | 0 | 0 | 2 | 0 | 0 | 0 | 
 | 0 | 0 | 0 | 2 | 0 | 0 | 0 | 
 | 0 | 0 | 0 | 1 | 0 | 0 | 0 | 
 | 0 | 1 | 0 | 2 | 1 | 0 | 0 | 
 | 0 | 2 | 1 | 1 | 2 | 0 | 0 | 
 | 

IdeiaFix jogou.
Duração da jogada = 0 s

 | 0 | 0 | 0 | 0 | 0 | 0 | 0 | 
 | 0 | 0 | 0 | 1 | 0 | 0 | 0 | 
 | 0 | 0 | 0 | 2 | 0 | 0 | 0 | 
 | 0 | 0 | 0 | 2 | 0 | 0 | 0 | 
 | 0 | 0 | 0 | 1 | 2 | 0 | 0 | 
 | 0 | 1 | 0 | 2 | 1 | 0 | 0 | 
 | 0 | 2 | 1 | 1 | 2 | 0 | 0 | 
 | 

tempo em milisegundos 890


Chewbacca jogou.
Duração da jogada = 0 s

 | 0 | 0 | 0 | 0 | 0 | 0 | 0 | 
 | 0 | 0 | 0 | 1 | 0 | 0 | 0 | 
 | 0 | 0 | 0 | 2 | 0 | 0 | 0 | 
 | 0 | 0 | 0 | 2 | 0 | 0 | 0 | 
 | 0 | 0 | 0 | 1 | 2 | 0 | 0 | 
 | 0 | 1 | 0 | 2 | 1 | 0 | 0 | 
 | 0 | 2 | 1 | 1 | 2 | 0 | 1 | 
 | 

IdeiaFix jogou.
Duração da jogada = 0 s

 | 0 | 0 | 0 | 0 | 0 | 0 | 0 | 
 | 0 | 0 | 0 | 1 | 0 | 0 | 0 | 
 | 0 | 0 | 0 | 2 | 0 | 0 | 0 | 
 | 0 | 0 | 0 | 2 | 2 | 0 | 0 | 
 | 0 | 0 | 0 | 1 | 2 | 0 | 0 | 
 | 0 | 1 | 0 | 2 | 1 | 0 | 0 | 
 | 0 | 2 | 1 | 1 | 2 | 0 | 1 | 
 | 

tempo em milisegundos 901


Chewbacca jogou.
Duração da jogada = 0 s

 | 0 | 0 | 0 | 0 | 0 | 0 | 0 | 
 | 0 | 0 | 0 | 1 | 0 | 0 | 0 | 
 | 0 | 0 | 0 | 2 | 1 | 0 | 0 | 
 | 0 | 0 | 0 | 2 | 2 | 0 | 0 | 
 | 0 | 0 | 0 | 1 | 2 | 0 | 0 | 
 | 0 | 1 | 0 | 2 | 1 | 0 | 0 | 
 | 0 | 2 | 1 | 1 | 2 | 0 | 1 | 
 | 

IdeiaFix jogou.
Duração da jogada = 0 s

 | 0 | 0 | 0 | 0 | 0 | 0 | 0 | 
 | 0 | 0 | 0 | 1 | 0 | 0 | 0 | 
 | 0 | 0 | 0 | 2 | 1 | 0 | 0 | 
 | 0 | 0 | 0 | 2 | 2 | 0 | 0 | 
 | 0 | 0 | 0 | 1 | 2 | 0 | 0 | 
 | 0 | 1 | 0 | 2 | 1 | 0 | 0 | 
 | 0 | 2 | 1 | 1 | 2 | 2 | 1 | 
 | 

tempo em milisegundos 912


Chewbacca jogou.
Duração da jogada = 0 s

 | 0 | 0 | 0 | 0 | 0 | 0 | 0 | 
 | 0 | 0 | 0 | 1 | 0 | 0 | 0 | 
 | 0 | 0 | 0 | 2 | 1 | 0 | 0 | 
 | 0 | 0 | 0 | 2 | 2 | 0 | 0 | 
 | 0 | 0 | 0 | 1 | 2 | 0 | 0 | 
 | 0 | 1 | 0 | 2 | 1 | 0 | 1 | 
 | 0 | 2 | 1 | 1 | 2 | 2 | 1 | 
 | 

IdeiaFix jogou.
Duração da jogada = 0 s

 | 0 | 0 | 0 | 0 | 0 | 0 | 0 | 
 | 0 | 0 | 0 | 1 | 0 | 0 | 0 | 
 | 0 | 0 | 0 | 2 | 1 | 0 | 0 | 
 | 0 | 0 | 0 | 2 | 2 | 0 | 0 | 
 | 0 | 0 | 0 | 1 | 2 | 0 | 0 | 
 | 0 | 1 | 0 | 2 | 1 | 2 | 1 | 
 | 0 | 2 | 1 | 1 | 2 | 2 | 1 | 
 | 

tempo em milisegundos 926


Chewbacca jogou.
Duração da jogada = 0 s

 | 0 | 0 | 0 | 0 | 0 | 0 | 0 | 
 | 0 | 0 | 0 | 1 | 0 | 0 | 0 | 
 | 0 | 0 | 0 | 2 | 1 | 0 | 0 | 
 | 0 | 0 | 0 | 2 | 2 | 0 | 0 | 
 | 0 | 0 | 0 | 1 | 2 | 0 | 0 | 
 | 0 | 1 | 0 | 2 | 1 | 2 | 1 | 
 | 1 | 2 | 1 | 1 | 2 | 2 | 1 | 
 | 

IdeiaFix jogou.
Duração da jogada = 1 s

 | 0 | 0 | 0 | 0 | 0 | 0 | 0 | 
 | 0 | 0 | 0 | 1 | 0 | 0 | 0 | 
 | 0 | 0 | 0 | 2 | 1 | 0 | 0 | 
 | 0 | 0 | 0 | 2 | 2 | 0 | 0 | 
 | 0 | 0 | 0 | 1 | 2 | 0 | 0 | 
 | 0 | 1 | 2 | 2 | 1 | 2 | 1 | 
 | 1 | 2 | 1 | 1 | 2 | 2 | 1 | 
 | 

tempo em milisegundos 938


Chewbacca jogou.
Duração da jogada = 0 s

 | 0 | 0 | 0 | 0 | 0 | 0 | 0 | 
 | 0 | 0 | 0 | 1 | 0 | 0 | 0 | 
 | 0 | 0 | 0 | 2 | 1 | 0 | 0 | 
 | 0 | 0 | 0 | 2 | 2 | 0 | 0 | 
 | 0 | 0 | 0 | 1 | 2 | 0 | 1 | 
 | 0 | 1 | 2 | 2 | 1 | 2 | 1 | 
 | 1 | 2 | 1 | 1 | 2 | 2 | 1 | 
 | 

IdeiaFix jogou.
Duração da jogada = 0 s

 | 0 | 0 | 0 | 0 | 0 | 0 | 0 | 
 | 0 | 0 | 0 | 1 | 0 | 0 | 0 | 
 | 0 | 0 | 0 | 2 | 1 | 0 | 0 | 
 | 0 | 0 | 0 | 2 | 2 | 0 | 2 | 
 | 0 | 0 | 0 | 1 | 2 | 0 | 1 | 
 | 0 | 1 | 2 | 2 | 1 | 2 | 1 | 
 | 1 | 2 | 1 | 1 | 2 | 2 | 1 | 
 | 

tempo em milisegundos 953


Chewbacca jogou.
Duração da jogada = 0 s

 | 0 | 0 | 0 | 0 | 0 | 0 | 0 | 
 | 0 | 0 | 0 | 1 | 0 | 0 | 0 | 
 | 0 | 0 | 0 | 2 | 1 | 0 | 0 | 
 | 0 | 0 | 0 | 2 | 2 | 0 | 2 | 
 | 0 | 0 | 0 | 1 | 2 | 1 | 1 | 
 | 0 | 1 | 2 | 2 | 1 | 2 | 1 | 
 | 1 | 2 | 1 | 1 | 2 | 2 | 1 | 
 | 

IdeiaFix jogou.
Duração da jogada = 0 s

 | 0 | 0 | 0 | 0 | 0 | 0 | 0 | 
 | 0 | 0 | 0 | 1 | 0 | 0 | 0 | 
 | 0 | 0 | 0 | 2 | 1 | 0 | 0 | 
 | 0 | 0 | 0 | 2 | 2 | 2 | 2 | 
 | 0 | 0 | 0 | 1 | 2 | 1 | 1 | 
 | 0 | 1 | 2 | 2 | 1 | 2 | 1 | 
 | 1 | 2 | 1 | 1 | 2 | 2 | 1 | 
 | 
Chewbacca perdeu IdeiaFix venceu

Resultados da competição
Aletório perdeu Alastor venceu
Alastor venceu Aletório perdeu
Aletório perdeu IdeiaFix venceu
IdeiaFix venceu Aletório perdeu
Aletório perdeu Chewbacca venceu
Chewbacca venceu Aletório perdeu
Alastor perdeu IdeiaFix venceu
IdeiaFix perdeu Alastor venceu
Alastor venceu Chewbacca perdeu
Chewbacca perdeu Alastor venceu
IdeiaFix venceu Chewbacca perdeu
Chewbacca perdeu IdeiaFix venceu

Imprimindo apenas o nome dos vencedores
Alastor
Alastor
IdeiaFix
IdeiaFix
Chewbacca
Chewbacca
IdeiaFix
Alastor
Alastor
Alastor
IdeiaFix
IdeiaFix
