
Novo jogo entre Aletório  Alastor

Aletório jogou.
Duração da jogada = 0 s

 | 0 | 0 | 0 | 0 | 0 | 0 | 0 | 
 | 0 | 0 | 0 | 0 | 0 | 0 | 0 | 
 | 0 | 0 | 0 | 0 | 0 | 0 | 0 | 
 | 0 | 0 | 0 | 0 | 0 | 0 | 0 | 
 | 0 | 0 | 0 | 0 | 0 | 0 | 0 | 
 | 0 | 0 | 0 | 0 | 0 | 0 | 0 | 
 | 0 | 0 | 0 | 0 | 1 | 0 | 0 | 
 | 

Alastor jogou.
Duração da jogada = 0 s

 | 0 | 0 | 0 | 0 | 0 | 0 | 0 | 
 | 0 | 0 | 0 | 0 | 0 | 0 | 0 | 
 | 0 | 0 | 0 | 0 | 0 | 0 | 0 | 
 | 0 | 0 | 0 | 0 | 0 | 0 | 0 | 
 | 0 | 0 | 0 | 0 | 0 | 0 | 0 | 
 | 0 | 0 | 0 | 0 | 0 | 0 | 0 | 
 | 0 | 0 | 0 | 2 | 1 | 0 | 0 | 
 | 

Aletório jogou.
Duração da jogada = 0 s

 | 0 | 0 | 0 | 0 | 0 | 0 | 0 | 
 | 0 | 0 | 0 | 0 | 0 | 0 | 0 | 
 | 0 | 0 | 0 | 0 | 0 | 0 | 0 | 
 | 0 | 0 | 0 | 0 | 0 | 0 | 0 | 
 | 0 | 0 | 0 | 0 | 0 | 0 | 0 | 
 | 0 | 0 | 0 | 0 | 0 | 0 | 0 | 
 | 0 | 0 | 0 | 2 | 1 | 0 | 1 | 
 | 

Alastor jogou.
Duração da jogada = 0 s

 | 0 | 0 | 0 | 0 | 0 | 0 | 0 | 
 | 0 | 0 | 0 | 0 | 0 | 0 | 0 | 
 | 0 | 0 | 0 | 0 | 0 | 0 | 0 | 
 | 0 | 0 | 0 | 0 | 0 | 0 | 0 | 
 | 0 | 0 | 0 | 0 | 0 | 0 | 0 | 
 | 0 | 0 | 0 | 2 | 0 | 0 | 0 | 
 | 0 | 0 | 0 | 2 | 1 | 0 | 1 | 
 | 

Aletório jogou.
Duração da jogada = 0 s

 | 0 | 0 | 0 | 0 | 0 | 0 | 0 | 
 | 0 | 0 | 0 | 0 | 0 | 0 | 0 | 
 | 0 | 0 | 0 | 0 | 0 | 0 | 0 | 
 | 0 | 0 | 0 | 0 | 0 | 0 | 0 | 
 | 0 | 0 | 0 | 0 | 0 | 0 | 0 | 
 | 0 | 0 | 0 | 2 | 0 | 0 | 0 | 
 | 1 | 0 | 0 | 2 | 1 | 0 | 1 | 
 | 

Alastor jogou.
Duração da jogada = 0 s

 | 0 | 0 | 0 | 0 | 0 | 0 | 0 | 
 | 0 | 0 | 0 | 0 | 0 | 0 | 0 | 
 | 0 | 0 | 0 | 0 | 0 | 0 | 0 | 
 | 0 | 0 | 0 | 0 | 0 | 0 | 0 | 
 | 0 | 0 | 0 | 0 | 0 | 0 | 0 | 
 | 0 | 0 | 0 | 2 | 2 | 0 | 0 | 
 | 1 | 0 | 0 | 2 | 1 | 0 | 1 | 
 | 

Aletório jogou.
Duração da jogada = 0 s

 | 0 | 0 | 0 | 0 | 0 | 0 | 0 | 
 | 0 | 0 | 0 | 0 | 0 | 0 | 0 | 
 | 0 | 0 | 0 | 0 | 0 | 0 | 0 | 
 | 0 | 0 | 0 | 0 | 0 | 0 | 0 | 
 | 0 | 0 | 0 | 0 | 0 | 0 | 0 | 
 | 0 | 0 | 0 | 2 | 2 | 0 | 0 | 
 | 1 | 0 | 1 | 2 | 1 | 0 | 1 | 
 | 

Alastor jogou.
Duração da jogada = 0 s

 | 0 | 0 | 0 | 0 | 0 | 0 | 0 | 
 | 0 | 0 | 0 | 0 | 0 | 0 | 0 | 
 | 0 | 0 | 0 | 0 | 0 | 0 | 0 | 
 | 0 | 0 | 0 | 0 | 0 | 0 | 0 | 
 | 0 | 0 | 0 | 2 | 0 | 0 | 0 | 
 | 0 | 0 | 0 | 2 | 2 | 0 | 0 | 
 | 1 | 0 | 1 | 2 | 1 | 0 | 1 | 
 | 

Aletório jogou.
Duração da jogada = 0 s

 | 0 | 0 | 0 | 0 | 0 | 0 | 0 | 
 | 0 | 0 | 0 | 0 | 0 | 0 | 0 | 
 | 0 | 0 | 0 | 0 | 0 | 0 | 0 | 
 | 0 | 0 | 0 | 0 | 0 | 0 | 0 | 
 | 0 | 0 | 0 | 2 | 0 | 0 | 0 | 
 | 0 | 0 | 1 | 2 | 2 | 0 | 0 | 
 | 1 | 0 | 1 | 2 | 1 | 0 | 1 | 
 | 

Alastor jogou.
Duração da jogada = 0 s

 | 0 | 0 | 0 | 0 | 0 | 0 | 0 | 
 | 0 | 0 | 0 | 0 | 0 | 0 | 0 | 
 | 0 | 0 | 0 | 0 | 0 | 0 | 0 | 
 | 0 | 0 | 0 | 2 | 0 | 0 | 0 | 
 | 0 | 0 | 0 | 2 | 0 | 0 | 0 | 
 | 0 | 0 | 1 | 2 | 2 | 0 | 0 | 
 | 1 | 0 | 1 | 2 | 1 | 0 | 1 | 
 | 
Aletório perdeu Alastor venceu

Novo jogo entre Alastor  Aletório

Alastor jogou.
Duração da jogada = 0 s

 | 0 | 0 | 0 | 0 | 0 | 0 | 0 | 
 | 0 | 0 | 0 | 0 | 0 | 0 | 0 | 
 | 0 | 0 | 0 | 0 | 0 | 0 | 0 | 
 | 0 | 0 | 0 | 0 | 0 | 0 | 0 | 
 | 0 | 0 | 0 | 0 | 0 | 0 | 0 | 
 | 0 | 0 | 0 | 0 | 0 | 0 | 0 | 
 | 0 | 0 | 0 | 1 | 0 | 0 | 0 | 
 | 

Aletório jogou.
Duração da jogada = 0 s

 | 0 | 0 | 0 | 0 | 0 | 0 | 0 | 
 | 0 | 0 | 0 | 0 | 0 | 0 | 0 | 
 | 0 | 0 | 0 | 0 | 0 | 0 | 0 | 
 | 0 | 0 | 0 | 0 | 0 | 0 | 0 | 
 | 0 | 0 | 0 | 0 | 0 | 0 | 0 | 
 | 0 | 0 | 0 | 0 | 0 | 0 | 0 | 
 | 0 | 0 | 0 | 1 | 2 | 0 | 0 | 
 | 

Alastor jogou.
Duração da jogada = 0 s

 | 0 | 0 | 0 | 0 | 0 | 0 | 0 | 
 | 0 | 0 | 0 | 0 | 0 | 0 | 0 | 
 | 0 | 0 | 0 | 0 | 0 | 0 | 0 | 
 | 0 | 0 | 0 | 0 | 0 | 0 | 0 | 
 | 0 | 0 | 0 | 0 | 0 | 0 | 0 | 
 | 0 | 0 | 0 | 1 | 0 | 0 | 0 | 
 | 0 | 0 | 0 | 1 | 2 | 0 | 0 | 
 | 

Aletório jogou.
Duração da jogada = 0 s

 | 0 | 0 | 0 | 0 | 0 | 0 | 0 | 
 | 0 | 0 | 0 | 0 | 0 | 0 | 0 | 
 | 0 | 0 | 0 | 0 | 0 | 0 | 0 | 
 | 0 | 0 | 0 | 0 | 0 | 0 | 0 | 
 | 0 | 0 | 0 | 0 | 0 | 0 | 0 | 
 | 0 | 0 | 0 | 1 | 0 | 0 | 0 | 
 | 0 | 0 | 0 | 1 | 2 | 0 | 2 | 
 | 

Alastor jogou.
Duração da jogada = 0 s

 | 0 | 0 | 0 | 0 | 0 | 0 | 0 | 
 | 0 | 0 | 0 | 0 | 0 | 0 | 0 | 
 | 0 | 0 | 0 | 0 | 0 | 0 | 0 | 
 | 0 | 0 | 0 | 0 | 0 | 0 | 0 | 
 | 0 | 0 | 0 | 0 | 0 | 0 | 0 | 
 | 0 | 0 | 0 | 1 | 1 | 0 | 0 | 
 | 0 | 0 | 0 | 1 | 2 | 0 | 2 | 
 | 

Aletório jogou.
Duração da jogada = 0 s

 | 0 | 0 | 0 | 0 | 0 | 0 | 0 | 
 | 0 | 0 | 0 | 0 | 0 | 0 | 0 | 
 | 0 | 0 | 0 | 0 | 0 | 0 | 0 | 
 | 0 | 0 | 0 | 0 | 0 | 0 | 0 | 
 | 0 | 0 | 0 | 0 | 0 | 0 | 0 | 
 | 0 | 0 | 0 | 1 | 1 | 0 | 0 | 
 | 2 | 0 | 0 | 1 | 2 | 0 | 2 | 
 | 

Alastor jogou.
Duração da jogada = 0 s

 | 0 | 0 | 0 | 0 | 0 | 0 | 0 | 
 | 0 | 0 | 0 | 0 | 0 | 0 | 0 | 
 | 0 | 0 | 0 | 0 | 0 | 0 | 0 | 
 | 0 | 0 | 0 | 0 | 0 | 0 | 0 | 
 | 0 | 0 | 0 | 1 | 0 | 0 | 0 | 
 | 0 | 0 | 0 | 1 | 1 | 0 | 0 | 
 | 2 | 0 | 0 | 1 | 2 | 0 | 2 | 
 | 

Aletório jogou.
Duração da jogada = 0 s

 | 0 | 0 | 0 | 0 | 0 | 0 | 0 | 
 | 0 | 0 | 0 | 0 | 0 | 0 | 0 | 
 | 0 | 0 | 0 | 0 | 0 | 0 | 0 | 
 | 0 | 0 | 0 | 0 | 0 | 0 | 0 | 
 | 0 | 0 | 0 | 1 | 2 | 0 | 0 | 
 | 0 | 0 | 0 | 1 | 1 | 0 | 0 | 
 | 2 | 0 | 0 | 1 | 2 | 0 | 2 | 
 | 

Alastor jogou.
Duração da jogada = 0 s

 | 0 | 0 | 0 | 0 | 0 | 0 | 0 | 
 | 0 | 0 | 0 | 0 | 0 | 0 | 0 | 
 | 0 | 0 | 0 | 0 | 0 | 0 | 0 | 
 | 0 | 0 | 0 | 1 | 0 | 0 | 0 | 
 | 0 | 0 | 0 | 1 | 2 | 0 | 0 | 
 | 0 | 0 | 0 | 1 | 1 | 0 | 0 | 
 | 2 | 0 | 0 | 1 | 2 | 0 | 2 | 
 | 
Alastor venceu Aletório perdeu

Novo jogo entre Aletório  Diferente

Aletório jogou.
Duração da jogada = 0 s

 | 0 | 0 | 0 | 0 | 0 | 0 | 0 | 
 | 0 | 0 | 0 | 0 | 0 | 0 | 0 | 
 | 0 | 0 | 0 | 0 | 0 | 0 | 0 | 
 | 0 | 0 | 0 | 0 | 0 | 0 | 0 | 
 | 0 | 0 | 0 | 0 | 0 | 0 | 0 | 
 | 0 | 0 | 0 | 0 | 0 | 0 | 0 | 
 | 0 | 0 | 0 | 0 | 0 | 1 | 0 | 
 | 

Diferente jogou.
Duração da jogada = 0 s

 | 2 | 2 | 2 | 2 | 2 | 2 | 2 | 
 | 2 | 2 | 2 | 2 | 2 | 2 | 2 | 
 | 2 | 2 | 2 | 2 | 2 | 2 | 2 | 
 | 2 | 2 | 2 | 2 | 2 | 2 | 2 | 
 | 0 | 2 | 2 | 2 | 2 | 2 | 2 | 
 | 0 | 0 | 2 | 2 | 2 | 2 | 2 | 
 | 0 | 2 | 0 | 2 | 2 | 1 | 2 | 
 | 
Aletório perdeu Diferente venceu

Novo jogo entre Diferente  Aletório

Diferente jogou.
Duração da jogada = 0 s

 | 1 | 1 | 1 | 1 | 1 | 1 | 1 | 
 | 1 | 1 | 1 | 1 | 1 | 1 | 1 | 
 | 1 | 1 | 1 | 1 | 1 | 1 | 1 | 
 | 1 | 1 | 1 | 1 | 1 | 1 | 1 | 
 | 0 | 1 | 1 | 1 | 1 | 1 | 1 | 
 | 0 | 0 | 1 | 1 | 1 | 1 | 1 | 
 | 0 | 1 | 0 | 1 | 1 | 1 | 1 | 
 | 
Diferente venceu Aletório perdeu

Novo jogo entre Aletório  Android

Aletório jogou.
Duração da jogada = 0 s

 | 0 | 0 | 0 | 0 | 0 | 0 | 0 | 
 | 0 | 0 | 0 | 0 | 0 | 0 | 0 | 
 | 0 | 0 | 0 | 0 | 0 | 0 | 0 | 
 | 0 | 0 | 0 | 0 | 0 | 0 | 0 | 
 | 0 | 0 | 0 | 0 | 0 | 0 | 0 | 
 | 0 | 0 | 0 | 0 | 0 | 0 | 0 | 
 | 0 | 0 | 1 | 0 | 0 | 0 | 0 | 
 | 

Android jogou.
Duração da jogada = 0 s

 | 0 | 0 | 0 | 0 | 0 | 0 | 0 | 
 | 0 | 0 | 0 | 0 | 0 | 0 | 0 | 
 | 0 | 0 | 0 | 0 | 0 | 0 | 0 | 
 | 0 | 0 | 0 | 0 | 0 | 0 | 0 | 
 | 0 | 0 | 0 | 0 | 0 | 0 | 0 | 
 | 0 | 0 | 0 | 0 | 0 | 0 | 0 | 
 | 0 | 0 | 1 | 0 | 0 | 2 | 0 | 
 | 

Aletório jogou.
Duração da jogada = 0 s

 | 0 | 0 | 0 | 0 | 0 | 0 | 0 | 
 | 0 | 0 | 0 | 0 | 0 | 0 | 0 | 
 | 0 | 0 | 0 | 0 | 0 | 0 | 0 | 
 | 0 | 0 | 0 | 0 | 0 | 0 | 0 | 
 | 0 | 0 | 0 | 0 | 0 | 0 | 0 | 
 | 0 | 0 | 0 | 0 | 0 | 1 | 0 | 
 | 0 | 0 | 1 | 0 | 0 | 2 | 0 | 
 | 

Android jogou.
Duração da jogada = 0 s

 | 0 | 0 | 0 | 0 | 0 | 0 | 0 | 
 | 0 | 0 | 0 | 0 | 0 | 0 | 0 | 
 | 0 | 0 | 0 | 0 | 0 | 0 | 0 | 
 | 0 | 0 | 0 | 0 | 0 | 0 | 0 | 
 | 0 | 0 | 0 | 0 | 0 | 2 | 0 | 
 | 0 | 0 | 0 | 0 | 0 | 1 | 0 | 
 | 0 | 0 | 1 | 0 | 0 | 2 | 0 | 
 | 

Aletório jogou.
Duração da jogada = 0 s

 | 0 | 0 | 0 | 0 | 0 | 0 | 0 | 
 | 0 | 0 | 0 | 0 | 0 | 0 | 0 | 
 | 0 | 0 | 0 | 0 | 0 | 0 | 0 | 
 | 0 | 0 | 0 | 0 | 0 | 0 | 0 | 
 | 0 | 0 | 0 | 0 | 0 | 2 | 0 | 
 | 0 | 0 | 0 | 0 | 0 | 1 | 0 | 
 | 0 | 0 | 1 | 0 | 0 | 2 | 1 | 
 | 

Android jogou.
Duração da jogada = 0 s

 | 0 | 0 | 0 | 0 | 0 | 0 | 0 | 
 | 0 | 0 | 0 | 0 | 0 | 0 | 0 | 
 | 0 | 0 | 0 | 0 | 0 | 0 | 0 | 
 | 0 | 0 | 0 | 0 | 0 | 0 | 0 | 
 | 0 | 0 | 0 | 0 | 0 | 2 | 0 | 
 | 0 | 0 | 0 | 0 | 0 | 1 | 0 | 
 | 0 | 2 | 1 | 0 | 0 | 2 | 1 | 
 | 

Aletório jogou.
Duração da jogada = 0 s

 | 0 | 0 | 0 | 0 | 0 | 0 | 0 | 
 | 0 | 0 | 0 | 0 | 0 | 0 | 0 | 
 | 0 | 0 | 0 | 0 | 0 | 0 | 0 | 
 | 0 | 0 | 0 | 0 | 0 | 0 | 0 | 
 | 0 | 0 | 0 | 0 | 0 | 2 | 0 | 
 | 0 | 1 | 0 | 0 | 0 | 1 | 0 | 
 | 0 | 2 | 1 | 0 | 0 | 2 | 1 | 
 | 

Android jogou.
Duração da jogada = 0 s

 | 0 | 0 | 0 | 0 | 0 | 0 | 0 | 
 | 0 | 0 | 0 | 0 | 0 | 0 | 0 | 
 | 0 | 0 | 0 | 0 | 0 | 0 | 0 | 
 | 0 | 0 | 0 | 0 | 0 | 0 | 0 | 
 | 0 | 0 | 0 | 0 | 0 | 2 | 0 | 
 | 0 | 1 | 0 | 0 | 0 | 1 | 0 | 
 | 2 | 2 | 1 | 0 | 0 | 2 | 1 | 
 | 

Aletório jogou.
Duração da jogada = 0 s

 | 0 | 0 | 0 | 0 | 0 | 0 | 0 | 
 | 0 | 0 | 0 | 0 | 0 | 0 | 0 | 
 | 0 | 0 | 0 | 0 | 0 | 0 | 0 | 
 | 0 | 0 | 0 | 0 | 0 | 0 | 0 | 
 | 0 | 0 | 0 | 0 | 0 | 2 | 0 | 
 | 0 | 1 | 0 | 0 | 0 | 1 | 1 | 
 | 2 | 2 | 1 | 0 | 0 | 2 | 1 | 
 | 

Android jogou.
Duração da jogada = 0 s

 | 0 | 0 | 0 | 0 | 0 | 0 | 0 | 
 | 0 | 0 | 0 | 0 | 0 | 0 | 0 | 
 | 0 | 0 | 0 | 0 | 0 | 0 | 0 | 
 | 0 | 0 | 0 | 0 | 0 | 0 | 0 | 
 | 0 | 0 | 0 | 0 | 0 | 2 | 0 | 
 | 0 | 1 | 0 | 0 | 0 | 1 | 1 | 
 | 2 | 2 | 1 | 0 | 2 | 2 | 1 | 
 | 

Aletório jogou.
Duração da jogada = 0 s

 | 0 | 0 | 0 | 0 | 0 | 0 | 0 | 
 | 0 | 0 | 0 | 0 | 0 | 0 | 0 | 
 | 0 | 0 | 0 | 0 | 0 | 0 | 0 | 
 | 0 | 0 | 0 | 0 | 0 | 0 | 0 | 
 | 0 | 0 | 0 | 0 | 0 | 2 | 0 | 
 | 0 | 1 | 0 | 0 | 1 | 1 | 1 | 
 | 2 | 2 | 1 | 0 | 2 | 2 | 1 | 
 | 

Android jogou.
Duração da jogada = 0 s

 | 0 | 0 | 0 | 0 | 0 | 0 | 0 | 
 | 0 | 0 | 0 | 0 | 0 | 0 | 0 | 
 | 0 | 0 | 0 | 0 | 0 | 0 | 0 | 
 | 0 | 0 | 0 | 0 | 0 | 0 | 0 | 
 | 0 | 0 | 0 | 0 | 0 | 2 | 0 | 
 | 0 | 1 | 2 | 0 | 1 | 1 | 1 | 
 | 2 | 2 | 1 | 0 | 2 | 2 | 1 | 
 | 

Aletório jogou.
Duração da jogada = 0 s

 | 0 | 0 | 0 | 0 | 0 | 0 | 0 | 
 | 0 | 0 | 0 | 0 | 0 | 0 | 0 | 
 | 0 | 0 | 0 | 0 | 0 | 0 | 0 | 
 | 0 | 0 | 0 | 0 | 0 | 0 | 0 | 
 | 0 | 0 | 0 | 0 | 0 | 2 | 1 | 
 | 0 | 1 | 2 | 0 | 1 | 1 | 1 | 
 | 2 | 2 | 1 | 0 | 2 | 2 | 1 | 
 | 

Android jogou.
Duração da jogada = 0 s

 | 0 | 0 | 0 | 0 | 0 | 0 | 0 | 
 | 0 | 0 | 0 | 0 | 0 | 0 | 0 | 
 | 0 | 0 | 0 | 0 | 0 | 0 | 0 | 
 | 0 | 0 | 0 | 0 | 0 | 0 | 2 | 
 | 0 | 0 | 0 | 0 | 0 | 2 | 1 | 
 | 0 | 1 | 2 | 0 | 1 | 1 | 1 | 
 | 2 | 2 | 1 | 0 | 2 | 2 | 1 | 
 | 

Aletório jogou.
Duração da jogada = 0 s

 | 0 | 0 | 0 | 0 | 0 | 0 | 0 | 
 | 0 | 0 | 0 | 0 | 0 | 0 | 0 | 
 | 0 | 0 | 0 | 0 | 0 | 0 | 0 | 
 | 0 | 0 | 0 | 0 | 0 | 0 | 2 | 
 | 0 | 1 | 0 | 0 | 0 | 2 | 1 | 
 | 0 | 1 | 2 | 0 | 1 | 1 | 1 | 
 | 2 | 2 | 1 | 0 | 2 | 2 | 1 | 
 | 

Android jogou.
Duração da jogada = 0 s

 | 0 | 0 | 0 | 0 | 0 | 0 | 0 | 
 | 0 | 0 | 0 | 0 | 0 | 0 | 0 | 
 | 0 | 0 | 0 | 0 | 0 | 0 | 0 | 
 | 0 | 0 | 0 | 0 | 0 | 0 | 2 | 
 | 0 | 1 | 0 | 0 | 0 | 2 | 1 | 
 | 2 | 1 | 2 | 0 | 1 | 1 | 1 | 
 | 2 | 2 | 1 | 0 | 2 | 2 | 1 | 
 | 

Aletório jogou.
Duração da jogada = 0 s

 | 0 | 0 | 0 | 0 | 0 | 0 | 0 | 
 | 0 | 0 | 0 | 0 | 0 | 0 | 0 | 
 | 0 | 0 | 0 | 0 | 0 | 0 | 1 | 
 | 0 | 0 | 0 | 0 | 0 | 0 | 2 | 
 | 0 | 1 | 0 | 0 | 0 | 2 | 1 | 
 | 2 | 1 | 2 | 0 | 1 | 1 | 1 | 
 | 2 | 2 | 1 | 0 | 2 | 2 | 1 | 
 | 

Android jogou.
Duração da jogada = 0 s

 | 0 | 0 | 0 | 0 | 0 | 0 | 0 | 
 | 0 | 0 | 0 | 0 | 0 | 0 | 0 | 
 | 0 | 0 | 0 | 0 | 0 | 0 | 1 | 
 | 0 | 0 | 0 | 0 | 0 | 2 | 2 | 
 | 0 | 1 | 0 | 0 | 0 | 2 | 1 | 
 | 2 | 1 | 2 | 0 | 1 | 1 | 1 | 
 | 2 | 2 | 1 | 0 | 2 | 2 | 1 | 
 | 

Aletório jogou.
Duração da jogada = 0 s

 | 0 | 0 | 0 | 0 | 0 | 0 | 0 | 
 | 0 | 0 | 0 | 0 | 0 | 0 | 0 | 
 | 0 | 0 | 0 | 0 | 0 | 0 | 1 | 
 | 0 | 0 | 0 | 0 | 0 | 2 | 2 | 
 | 0 | 1 | 0 | 0 | 1 | 2 | 1 | 
 | 2 | 1 | 2 | 0 | 1 | 1 | 1 | 
 | 2 | 2 | 1 | 0 | 2 | 2 | 1 | 
 | 

Android jogou.
Duração da jogada = 0 s

 | 0 | 0 | 0 | 0 | 0 | 0 | 0 | 
 | 0 | 0 | 0 | 0 | 0 | 0 | 0 | 
 | 0 | 0 | 0 | 0 | 0 | 0 | 1 | 
 | 0 | 0 | 0 | 0 | 0 | 2 | 2 | 
 | 0 | 1 | 2 | 0 | 1 | 2 | 1 | 
 | 2 | 1 | 2 | 0 | 1 | 1 | 1 | 
 | 2 | 2 | 1 | 0 | 2 | 2 | 1 | 
 | 

Aletório jogou.
Duração da jogada = 0 s

 | 0 | 0 | 0 | 0 | 0 | 0 | 0 | 
 | 0 | 0 | 0 | 0 | 0 | 0 | 0 | 
 | 0 | 0 | 0 | 0 | 0 | 1 | 1 | 
 | 0 | 0 | 0 | 0 | 0 | 2 | 2 | 
 | 0 | 1 | 2 | 0 | 1 | 2 | 1 | 
 | 2 | 1 | 2 | 0 | 1 | 1 | 1 | 
 | 2 | 2 | 1 | 0 | 2 | 2 | 1 | 
 | 

Android jogou.
Duração da jogada = 0 s

 | 0 | 0 | 0 | 0 | 0 | 0 | 0 | 
 | 0 | 0 | 0 | 0 | 0 | 0 | 0 | 
 | 0 | 0 | 0 | 0 | 0 | 1 | 1 | 
 | 0 | 0 | 0 | 0 | 0 | 2 | 2 | 
 | 2 | 1 | 2 | 0 | 1 | 2 | 1 | 
 | 2 | 1 | 2 | 0 | 1 | 1 | 1 | 
 | 2 | 2 | 1 | 0 | 2 | 2 | 1 | 
 | 

Aletório jogou.
Duração da jogada = 0 s

 | 0 | 0 | 0 | 0 | 0 | 0 | 0 | 
 | 0 | 0 | 0 | 0 | 0 | 0 | 1 | 
 | 0 | 0 | 0 | 0 | 0 | 1 | 1 | 
 | 0 | 0 | 0 | 0 | 0 | 2 | 2 | 
 | 2 | 1 | 2 | 0 | 1 | 2 | 1 | 
 | 2 | 1 | 2 | 0 | 1 | 1 | 1 | 
 | 2 | 2 | 1 | 0 | 2 | 2 | 1 | 
 | 

Android jogou.
Duração da jogada = 0 s

 | 0 | 0 | 0 | 0 | 0 | 0 | 0 | 
 | 0 | 0 | 0 | 0 | 0 | 0 | 1 | 
 | 0 | 0 | 0 | 0 | 0 | 1 | 1 | 
 | 2 | 0 | 0 | 0 | 0 | 2 | 2 | 
 | 2 | 1 | 2 | 0 | 1 | 2 | 1 | 
 | 2 | 1 | 2 | 0 | 1 | 1 | 1 | 
 | 2 | 2 | 1 | 0 | 2 | 2 | 1 | 
 | 
Aletório perdeu Android venceu

Novo jogo entre Android  Aletório

Android jogou.
Duração da jogada = 0 s

 | 0 | 0 | 0 | 0 | 0 | 0 | 0 | 
 | 0 | 0 | 0 | 0 | 0 | 0 | 0 | 
 | 0 | 0 | 0 | 0 | 0 | 0 | 0 | 
 | 0 | 0 | 0 | 0 | 0 | 0 | 0 | 
 | 0 | 0 | 0 | 0 | 0 | 0 | 0 | 
 | 0 | 0 | 0 | 0 | 0 | 0 | 0 | 
 | 0 | 1 | 0 | 0 | 0 | 0 | 0 | 
 | 

Aletório jogou.
Duração da jogada = 0 s

 | 0 | 0 | 0 | 0 | 0 | 0 | 0 | 
 | 0 | 0 | 0 | 0 | 0 | 0 | 0 | 
 | 0 | 0 | 0 | 0 | 0 | 0 | 0 | 
 | 0 | 0 | 0 | 0 | 0 | 0 | 0 | 
 | 0 | 0 | 0 | 0 | 0 | 0 | 0 | 
 | 0 | 0 | 0 | 0 | 0 | 0 | 0 | 
 | 0 | 1 | 2 | 0 | 0 | 0 | 0 | 
 | 

Android jogou.
Duração da jogada = 0 s

 | 0 | 0 | 0 | 0 | 0 | 0 | 0 | 
 | 0 | 0 | 0 | 0 | 0 | 0 | 0 | 
 | 0 | 0 | 0 | 0 | 0 | 0 | 0 | 
 | 0 | 0 | 0 | 0 | 0 | 0 | 0 | 
 | 0 | 0 | 0 | 0 | 0 | 0 | 0 | 
 | 0 | 1 | 0 | 0 | 0 | 0 | 0 | 
 | 0 | 1 | 2 | 0 | 0 | 0 | 0 | 
 | 

Aletório jogou.
Duração da jogada = 0 s

 | 0 | 0 | 0 | 0 | 0 | 0 | 0 | 
 | 0 | 0 | 0 | 0 | 0 | 0 | 0 | 
 | 0 | 0 | 0 | 0 | 0 | 0 | 0 | 
 | 0 | 0 | 0 | 0 | 0 | 0 | 0 | 
 | 0 | 0 | 0 | 0 | 0 | 0 | 0 | 
 | 0 | 1 | 0 | 0 | 0 | 0 | 0 | 
 | 2 | 1 | 2 | 0 | 0 | 0 | 0 | 
 | 

Android jogou.
Duração da jogada = 0 s

 | 0 | 0 | 0 | 0 | 0 | 0 | 0 | 
 | 0 | 0 | 0 | 0 | 0 | 0 | 0 | 
 | 0 | 0 | 0 | 0 | 0 | 0 | 0 | 
 | 0 | 0 | 0 | 0 | 0 | 0 | 0 | 
 | 0 | 0 | 0 | 0 | 0 | 0 | 0 | 
 | 0 | 1 | 1 | 0 | 0 | 0 | 0 | 
 | 2 | 1 | 2 | 0 | 0 | 0 | 0 | 
 | 

Aletório jogou.
Duração da jogada = 0 s

 | 0 | 0 | 0 | 0 | 0 | 0 | 0 | 
 | 0 | 0 | 0 | 0 | 0 | 0 | 0 | 
 | 0 | 0 | 0 | 0 | 0 | 0 | 0 | 
 | 0 | 0 | 0 | 0 | 0 | 0 | 0 | 
 | 0 | 0 | 2 | 0 | 0 | 0 | 0 | 
 | 0 | 1 | 1 | 0 | 0 | 0 | 0 | 
 | 2 | 1 | 2 | 0 | 0 | 0 | 0 | 
 | 

Android jogou.
Duração da jogada = 0 s

 | 0 | 0 | 0 | 0 | 0 | 0 | 0 | 
 | 0 | 0 | 0 | 0 | 0 | 0 | 0 | 
 | 0 | 0 | 0 | 0 | 0 | 0 | 0 | 
 | 0 | 0 | 0 | 0 | 0 | 0 | 0 | 
 | 0 | 0 | 2 | 0 | 0 | 0 | 0 | 
 | 1 | 1 | 1 | 0 | 0 | 0 | 0 | 
 | 2 | 1 | 2 | 0 | 0 | 0 | 0 | 
 | 

Aletório jogou.
Duração da jogada = 0 s

 | 0 | 0 | 0 | 0 | 0 | 0 | 0 | 
 | 0 | 0 | 0 | 0 | 0 | 0 | 0 | 
 | 0 | 0 | 0 | 0 | 0 | 0 | 0 | 
 | 0 | 0 | 0 | 0 | 0 | 0 | 0 | 
 | 0 | 0 | 2 | 0 | 0 | 0 | 0 | 
 | 1 | 1 | 1 | 0 | 0 | 0 | 0 | 
 | 2 | 1 | 2 | 0 | 0 | 2 | 0 | 
 | 

Android jogou.
Duração da jogada = 0 s

 | 0 | 0 | 0 | 0 | 0 | 0 | 0 | 
 | 0 | 0 | 0 | 0 | 0 | 0 | 0 | 
 | 0 | 0 | 0 | 0 | 0 | 0 | 0 | 
 | 0 | 0 | 0 | 0 | 0 | 0 | 0 | 
 | 0 | 0 | 2 | 0 | 0 | 0 | 0 | 
 | 1 | 1 | 1 | 0 | 0 | 0 | 0 | 
 | 2 | 1 | 2 | 1 | 0 | 2 | 0 | 
 | 

Aletório jogou.
Duração da jogada = 0 s

 | 0 | 0 | 0 | 0 | 0 | 0 | 0 | 
 | 0 | 0 | 0 | 0 | 0 | 0 | 0 | 
 | 0 | 0 | 0 | 0 | 0 | 0 | 0 | 
 | 0 | 0 | 0 | 0 | 0 | 0 | 0 | 
 | 0 | 0 | 2 | 0 | 0 | 0 | 0 | 
 | 1 | 1 | 1 | 0 | 0 | 0 | 0 | 
 | 2 | 1 | 2 | 1 | 0 | 2 | 2 | 
 | 

Android jogou.
Duração da jogada = 0 s

 | 0 | 0 | 0 | 0 | 0 | 0 | 0 | 
 | 0 | 0 | 0 | 0 | 0 | 0 | 0 | 
 | 0 | 0 | 0 | 0 | 0 | 0 | 0 | 
 | 0 | 0 | 0 | 0 | 0 | 0 | 0 | 
 | 0 | 0 | 2 | 0 | 0 | 0 | 0 | 
 | 1 | 1 | 1 | 1 | 0 | 0 | 0 | 
 | 2 | 1 | 2 | 1 | 0 | 2 | 2 | 
 | 
Android venceu Aletório perdeu

Novo jogo entre Alastor  Diferente

Alastor jogou.
Duração da jogada = 0 s

 | 0 | 0 | 0 | 0 | 0 | 0 | 0 | 
 | 0 | 0 | 0 | 0 | 0 | 0 | 0 | 
 | 0 | 0 | 0 | 0 | 0 | 0 | 0 | 
 | 0 | 0 | 0 | 0 | 0 | 0 | 0 | 
 | 0 | 0 | 0 | 0 | 0 | 0 | 0 | 
 | 0 | 0 | 0 | 0 | 0 | 0 | 0 | 
 | 0 | 0 | 0 | 1 | 0 | 0 | 0 | 
 | 

Diferente jogou.
Duração da jogada = 0 s

 | 2 | 2 | 2 | 2 | 2 | 2 | 2 | 
 | 2 | 2 | 2 | 2 | 2 | 2 | 2 | 
 | 2 | 2 | 2 | 2 | 2 | 2 | 2 | 
 | 2 | 2 | 2 | 2 | 2 | 2 | 2 | 
 | 0 | 2 | 2 | 2 | 2 | 2 | 2 | 
 | 0 | 0 | 2 | 2 | 2 | 2 | 2 | 
 | 0 | 2 | 0 | 1 | 2 | 2 | 2 | 
 | 
Alastor perdeu Diferente venceu

Novo jogo entre Diferente  Alastor

Diferente jogou.
Duração da jogada = 0 s

 | 1 | 1 | 1 | 1 | 1 | 1 | 1 | 
 | 1 | 1 | 1 | 1 | 1 | 1 | 1 | 
 | 1 | 1 | 1 | 1 | 1 | 1 | 1 | 
 | 1 | 1 | 1 | 1 | 1 | 1 | 1 | 
 | 0 | 1 | 1 | 1 | 1 | 1 | 1 | 
 | 0 | 0 | 1 | 1 | 1 | 1 | 1 | 
 | 0 | 1 | 0 | 1 | 1 | 1 | 1 | 
 | 
Diferente venceu Alastor perdeu

Novo jogo entre Alastor  Android

Alastor jogou.
Duração da jogada = 0 s

 | 0 | 0 | 0 | 0 | 0 | 0 | 0 | 
 | 0 | 0 | 0 | 0 | 0 | 0 | 0 | 
 | 0 | 0 | 0 | 0 | 0 | 0 | 0 | 
 | 0 | 0 | 0 | 0 | 0 | 0 | 0 | 
 | 0 | 0 | 0 | 0 | 0 | 0 | 0 | 
 | 0 | 0 | 0 | 0 | 0 | 0 | 0 | 
 | 0 | 0 | 0 | 1 | 0 | 0 | 0 | 
 | 

Android jogou.
Duração da jogada = 0 s

 | 0 | 0 | 0 | 0 | 0 | 0 | 0 | 
 | 0 | 0 | 0 | 0 | 0 | 0 | 0 | 
 | 0 | 0 | 0 | 0 | 0 | 0 | 0 | 
 | 0 | 0 | 0 | 0 | 0 | 0 | 0 | 
 | 0 | 0 | 0 | 0 | 0 | 0 | 0 | 
 | 0 | 0 | 0 | 0 | 0 | 0 | 0 | 
 | 0 | 0 | 0 | 1 | 0 | 0 | 2 | 
 | 

Alastor jogou.
Duração da jogada = 1 s

 | 0 | 0 | 0 | 0 | 0 | 0 | 0 | 
 | 0 | 0 | 0 | 0 | 0 | 0 | 0 | 
 | 0 | 0 | 0 | 0 | 0 | 0 | 0 | 
 | 0 | 0 | 0 | 0 | 0 | 0 | 0 | 
 | 0 | 0 | 0 | 0 | 0 | 0 | 0 | 
 | 0 | 0 | 0 | 0 | 0 | 0 | 0 | 
 | 0 | 0 | 1 | 1 | 0 | 0 | 2 | 
 | 

Android jogou.
Duração da jogada = 0 s

 | 0 | 0 | 0 | 0 | 0 | 0 | 0 | 
 | 0 | 0 | 0 | 0 | 0 | 0 | 0 | 
 | 0 | 0 | 0 | 0 | 0 | 0 | 0 | 
 | 0 | 0 | 0 | 0 | 0 | 0 | 0 | 
 | 0 | 0 | 0 | 0 | 0 | 0 | 0 | 
 | 0 | 0 | 0 | 0 | 0 | 0 | 0 | 
 | 0 | 2 | 1 | 1 | 0 | 0 | 2 | 
 | 

Alastor jogou.
Duração da jogada = 0 s

 | 0 | 0 | 0 | 0 | 0 | 0 | 0 | 
 | 0 | 0 | 0 | 0 | 0 | 0 | 0 | 
 | 0 | 0 | 0 | 0 | 0 | 0 | 0 | 
 | 0 | 0 | 0 | 0 | 0 | 0 | 0 | 
 | 0 | 0 | 0 | 0 | 0 | 0 | 0 | 
 | 0 | 0 | 0 | 1 | 0 | 0 | 0 | 
 | 0 | 2 | 1 | 1 | 0 | 0 | 2 | 
 | 

Android jogou.
Duração da jogada = 0 s

 | 0 | 0 | 0 | 0 | 0 | 0 | 0 | 
 | 0 | 0 | 0 | 0 | 0 | 0 | 0 | 
 | 0 | 0 | 0 | 0 | 0 | 0 | 0 | 
 | 0 | 0 | 0 | 0 | 0 | 0 | 0 | 
 | 0 | 0 | 0 | 0 | 0 | 0 | 0 | 
 | 0 | 0 | 0 | 1 | 0 | 0 | 0 | 
 | 2 | 2 | 1 | 1 | 0 | 0 | 2 | 
 | 

Alastor jogou.
Duração da jogada = 0 s

 | 0 | 0 | 0 | 0 | 0 | 0 | 0 | 
 | 0 | 0 | 0 | 0 | 0 | 0 | 0 | 
 | 0 | 0 | 0 | 0 | 0 | 0 | 0 | 
 | 0 | 0 | 0 | 0 | 0 | 0 | 0 | 
 | 0 | 0 | 0 | 1 | 0 | 0 | 0 | 
 | 0 | 0 | 0 | 1 | 0 | 0 | 0 | 
 | 2 | 2 | 1 | 1 | 0 | 0 | 2 | 
 | 

Android jogou.
Duração da jogada = 0 s

 | 0 | 0 | 0 | 0 | 0 | 0 | 0 | 
 | 0 | 0 | 0 | 0 | 0 | 0 | 0 | 
 | 0 | 0 | 0 | 0 | 0 | 0 | 0 | 
 | 0 | 0 | 0 | 2 | 0 | 0 | 0 | 
 | 0 | 0 | 0 | 1 | 0 | 0 | 0 | 
 | 0 | 0 | 0 | 1 | 0 | 0 | 0 | 
 | 2 | 2 | 1 | 1 | 0 | 0 | 2 | 
 | 

Alastor jogou.
Duração da jogada = 1 s

 | 0 | 0 | 0 | 0 | 0 | 0 | 0 | 
 | 0 | 0 | 0 | 0 | 0 | 0 | 0 | 
 | 0 | 0 | 0 | 0 | 0 | 0 | 0 | 
 | 0 | 0 | 0 | 2 | 0 | 0 | 0 | 
 | 0 | 0 | 0 | 1 | 0 | 0 | 0 | 
 | 0 | 0 | 1 | 1 | 0 | 0 | 0 | 
 | 2 | 2 | 1 | 1 | 0 | 0 | 2 | 
 | 

Android jogou.
Duração da jogada = 0 s

 | 0 | 0 | 0 | 0 | 0 | 0 | 0 | 
 | 0 | 0 | 0 | 0 | 0 | 0 | 0 | 
 | 0 | 0 | 0 | 0 | 0 | 0 | 0 | 
 | 0 | 0 | 0 | 2 | 0 | 0 | 0 | 
 | 0 | 0 | 0 | 1 | 0 | 0 | 0 | 
 | 0 | 0 | 1 | 1 | 0 | 0 | 0 | 
 | 2 | 2 | 1 | 1 | 0 | 2 | 2 | 
 | 

Alastor jogou.
Duração da jogada = 0 s

 | 0 | 0 | 0 | 0 | 0 | 0 | 0 | 
 | 0 | 0 | 0 | 0 | 0 | 0 | 0 | 
 | 0 | 0 | 0 | 0 | 0 | 0 | 0 | 
 | 0 | 0 | 0 | 2 | 0 | 0 | 0 | 
 | 0 | 0 | 0 | 1 | 0 | 0 | 0 | 
 | 0 | 0 | 1 | 1 | 0 | 0 | 0 | 
 | 2 | 2 | 1 | 1 | 1 | 2 | 2 | 
 | 

Android jogou.
Duração da jogada = 0 s

 | 0 | 0 | 0 | 0 | 0 | 0 | 0 | 
 | 0 | 0 | 0 | 0 | 0 | 0 | 0 | 
 | 0 | 0 | 0 | 0 | 0 | 0 | 0 | 
 | 0 | 0 | 0 | 2 | 0 | 0 | 0 | 
 | 0 | 0 | 0 | 1 | 0 | 0 | 0 | 
 | 0 | 2 | 1 | 1 | 0 | 0 | 0 | 
 | 2 | 2 | 1 | 1 | 1 | 2 | 2 | 
 | 

Alastor jogou.
Duração da jogada = 0 s

 | 0 | 0 | 0 | 0 | 0 | 0 | 0 | 
 | 0 | 0 | 0 | 0 | 0 | 0 | 0 | 
 | 0 | 0 | 0 | 0 | 0 | 0 | 0 | 
 | 0 | 0 | 0 | 2 | 0 | 0 | 0 | 
 | 0 | 0 | 1 | 1 | 0 | 0 | 0 | 
 | 0 | 2 | 1 | 1 | 0 | 0 | 0 | 
 | 2 | 2 | 1 | 1 | 1 | 2 | 2 | 
 | 

Android jogou.
Duração da jogada = 0 s

 | 0 | 0 | 0 | 0 | 0 | 0 | 0 | 
 | 0 | 0 | 0 | 0 | 0 | 0 | 0 | 
 | 0 | 0 | 0 | 0 | 0 | 0 | 0 | 
 | 0 | 0 | 2 | 2 | 0 | 0 | 0 | 
 | 0 | 0 | 1 | 1 | 0 | 0 | 0 | 
 | 0 | 2 | 1 | 1 | 0 | 0 | 0 | 
 | 2 | 2 | 1 | 1 | 1 | 2 | 2 | 
 | 

Alastor jogou.
Duração da jogada = 0 s

 | 0 | 0 | 0 | 0 | 0 | 0 | 0 | 
 | 0 | 0 | 0 | 0 | 0 | 0 | 0 | 
 | 0 | 0 | 0 | 1 | 0 | 0 | 0 | 
 | 0 | 0 | 2 | 2 | 0 | 0 | 0 | 
 | 0 | 0 | 1 | 1 | 0 | 0 | 0 | 
 | 0 | 2 | 1 | 1 | 0 | 0 | 0 | 
 | 2 | 2 | 1 | 1 | 1 | 2 | 2 | 
 | 

Android jogou.
Duração da jogada = 0 s

 | 0 | 0 | 0 | 0 | 0 | 0 | 0 | 
 | 0 | 0 | 0 | 2 | 0 | 0 | 0 | 
 | 0 | 0 | 0 | 1 | 0 | 0 | 0 | 
 | 0 | 0 | 2 | 2 | 0 | 0 | 0 | 
 | 0 | 0 | 1 | 1 | 0 | 0 | 0 | 
 | 0 | 2 | 1 | 1 | 0 | 0 | 0 | 
 | 2 | 2 | 1 | 1 | 1 | 2 | 2 | 
 | 

Alastor jogou.
Duração da jogada = 0 s

 | 0 | 0 | 0 | 1 | 0 | 0 | 0 | 
 | 0 | 0 | 0 | 2 | 0 | 0 | 0 | 
 | 0 | 0 | 0 | 1 | 0 | 0 | 0 | 
 | 0 | 0 | 2 | 2 | 0 | 0 | 0 | 
 | 0 | 0 | 1 | 1 | 0 | 0 | 0 | 
 | 0 | 2 | 1 | 1 | 0 | 0 | 0 | 
 | 2 | 2 | 1 | 1 | 1 | 2 | 2 | 
 | 

Android jogou.
Duração da jogada = 0 s

 | 0 | 0 | 0 | 1 | 0 | 0 | 0 | 
 | 0 | 0 | 0 | 2 | 0 | 0 | 0 | 
 | 0 | 0 | 2 | 1 | 0 | 0 | 0 | 
 | 0 | 0 | 2 | 2 | 0 | 0 | 0 | 
 | 0 | 0 | 1 | 1 | 0 | 0 | 0 | 
 | 0 | 2 | 1 | 1 | 0 | 0 | 0 | 
 | 2 | 2 | 1 | 1 | 1 | 2 | 2 | 
 | 

Alastor jogou.
Duração da jogada = 0 s

 | 0 | 0 | 0 | 1 | 0 | 0 | 0 | 
 | 0 | 0 | 0 | 2 | 0 | 0 | 0 | 
 | 0 | 0 | 2 | 1 | 0 | 0 | 0 | 
 | 0 | 0 | 2 | 2 | 0 | 0 | 0 | 
 | 0 | 0 | 1 | 1 | 0 | 0 | 0 | 
 | 0 | 2 | 1 | 1 | 1 | 0 | 0 | 
 | 2 | 2 | 1 | 1 | 1 | 2 | 2 | 
 | 

Android jogou.
Duração da jogada = 0 s

 | 0 | 0 | 0 | 1 | 0 | 0 | 0 | 
 | 0 | 0 | 0 | 2 | 0 | 0 | 0 | 
 | 0 | 0 | 2 | 1 | 0 | 0 | 0 | 
 | 0 | 0 | 2 | 2 | 0 | 0 | 0 | 
 | 0 | 0 | 1 | 1 | 0 | 0 | 0 | 
 | 0 | 2 | 1 | 1 | 1 | 2 | 0 | 
 | 2 | 2 | 1 | 1 | 1 | 2 | 2 | 
 | 

Alastor jogou.
Duração da jogada = 0 s

 | 0 | 0 | 0 | 1 | 0 | 0 | 0 | 
 | 0 | 0 | 0 | 2 | 0 | 0 | 0 | 
 | 0 | 0 | 2 | 1 | 0 | 0 | 0 | 
 | 0 | 0 | 2 | 2 | 0 | 0 | 0 | 
 | 0 | 0 | 1 | 1 | 1 | 0 | 0 | 
 | 0 | 2 | 1 | 1 | 1 | 2 | 0 | 
 | 2 | 2 | 1 | 1 | 1 | 2 | 2 | 
 | 

Android jogou.
Duração da jogada = 0 s

 | 0 | 0 | 0 | 1 | 0 | 0 | 0 | 
 | 0 | 0 | 0 | 2 | 0 | 0 | 0 | 
 | 0 | 0 | 2 | 1 | 0 | 0 | 0 | 
 | 0 | 0 | 2 | 2 | 0 | 0 | 0 | 
 | 0 | 2 | 1 | 1 | 1 | 0 | 0 | 
 | 0 | 2 | 1 | 1 | 1 | 2 | 0 | 
 | 2 | 2 | 1 | 1 | 1 | 2 | 2 | 
 | 

Alastor jogou.
Duração da jogada = 0 s

 | 0 | 0 | 0 | 1 | 0 | 0 | 0 | 
 | 0 | 0 | 0 | 2 | 0 | 0 | 0 | 
 | 0 | 0 | 2 | 1 | 0 | 0 | 0 | 
 | 0 | 0 | 2 | 2 | 1 | 0 | 0 | 
 | 0 | 2 | 1 | 1 | 1 | 0 | 0 | 
 | 0 | 2 | 1 | 1 | 1 | 2 | 0 | 
 | 2 | 2 | 1 | 1 | 1 | 2 | 2 | 
 | 
Alastor venceu Android perdeu

Novo jogo entre Android  Alastor

Android jogou.
Duração da jogada = 0 s

 | 0 | 0 | 0 | 0 | 0 | 0 | 0 | 
 | 0 | 0 | 0 | 0 | 0 | 0 | 0 | 
 | 0 | 0 | 0 | 0 | 0 | 0 | 0 | 
 | 0 | 0 | 0 | 0 | 0 | 0 | 0 | 
 | 0 | 0 | 0 | 0 | 0 | 0 | 0 | 
 | 0 | 0 | 0 | 0 | 0 | 0 | 0 | 
 | 1 | 0 | 0 | 0 | 0 | 0 | 0 | 
 | 

Alastor jogou.
Duração da jogada = 0 s

 | 0 | 0 | 0 | 0 | 0 | 0 | 0 | 
 | 0 | 0 | 0 | 0 | 0 | 0 | 0 | 
 | 0 | 0 | 0 | 0 | 0 | 0 | 0 | 
 | 0 | 0 | 0 | 0 | 0 | 0 | 0 | 
 | 0 | 0 | 0 | 0 | 0 | 0 | 0 | 
 | 0 | 0 | 0 | 0 | 0 | 0 | 0 | 
 | 1 | 0 | 0 | 2 | 0 | 0 | 0 | 
 | 

Android jogou.
Duração da jogada = 0 s

 | 0 | 0 | 0 | 0 | 0 | 0 | 0 | 
 | 0 | 0 | 0 | 0 | 0 | 0 | 0 | 
 | 0 | 0 | 0 | 0 | 0 | 0 | 0 | 
 | 0 | 0 | 0 | 0 | 0 | 0 | 0 | 
 | 0 | 0 | 0 | 0 | 0 | 0 | 0 | 
 | 0 | 0 | 0 | 0 | 0 | 0 | 0 | 
 | 1 | 0 | 0 | 2 | 0 | 0 | 1 | 
 | 

Alastor jogou.
Duração da jogada = 0 s

 | 0 | 0 | 0 | 0 | 0 | 0 | 0 | 
 | 0 | 0 | 0 | 0 | 0 | 0 | 0 | 
 | 0 | 0 | 0 | 0 | 0 | 0 | 0 | 
 | 0 | 0 | 0 | 0 | 0 | 0 | 0 | 
 | 0 | 0 | 0 | 0 | 0 | 0 | 0 | 
 | 0 | 0 | 0 | 2 | 0 | 0 | 0 | 
 | 1 | 0 | 0 | 2 | 0 | 0 | 1 | 
 | 

Android jogou.
Duração da jogada = 0 s

 | 0 | 0 | 0 | 0 | 0 | 0 | 0 | 
 | 0 | 0 | 0 | 0 | 0 | 0 | 0 | 
 | 0 | 0 | 0 | 0 | 0 | 0 | 0 | 
 | 0 | 0 | 0 | 0 | 0 | 0 | 0 | 
 | 0 | 0 | 0 | 0 | 0 | 0 | 0 | 
 | 0 | 0 | 0 | 2 | 0 | 0 | 0 | 
 | 1 | 1 | 0 | 2 | 0 | 0 | 1 | 
 | 

Alastor jogou.
Duração da jogada = 0 s

 | 0 | 0 | 0 | 0 | 0 | 0 | 0 | 
 | 0 | 0 | 0 | 0 | 0 | 0 | 0 | 
 | 0 | 0 | 0 | 0 | 0 | 0 | 0 | 
 | 0 | 0 | 0 | 0 | 0 | 0 | 0 | 
 | 0 | 0 | 0 | 0 | 0 | 0 | 0 | 
 | 0 | 0 | 0 | 2 | 0 | 0 | 0 | 
 | 1 | 1 | 2 | 2 | 0 | 0 | 1 | 
 | 

Android jogou.
Duração da jogada = 0 s

 | 0 | 0 | 0 | 0 | 0 | 0 | 0 | 
 | 0 | 0 | 0 | 0 | 0 | 0 | 0 | 
 | 0 | 0 | 0 | 0 | 0 | 0 | 0 | 
 | 0 | 0 | 0 | 0 | 0 | 0 | 0 | 
 | 0 | 0 | 0 | 0 | 0 | 0 | 0 | 
 | 0 | 0 | 0 | 2 | 0 | 0 | 0 | 
 | 1 | 1 | 2 | 2 | 1 | 0 | 1 | 
 | 

Alastor jogou.
Duração da jogada = 0 s

 | 0 | 0 | 0 | 0 | 0 | 0 | 0 | 
 | 0 | 0 | 0 | 0 | 0 | 0 | 0 | 
 | 0 | 0 | 0 | 0 | 0 | 0 | 0 | 
 | 0 | 0 | 0 | 0 | 0 | 0 | 0 | 
 | 0 | 0 | 0 | 0 | 0 | 0 | 0 | 
 | 0 | 0 | 0 | 2 | 2 | 0 | 0 | 
 | 1 | 1 | 2 | 2 | 1 | 0 | 1 | 
 | 

Android jogou.
Duração da jogada = 0 s

 | 0 | 0 | 0 | 0 | 0 | 0 | 0 | 
 | 0 | 0 | 0 | 0 | 0 | 0 | 0 | 
 | 0 | 0 | 0 | 0 | 0 | 0 | 0 | 
 | 0 | 0 | 0 | 0 | 0 | 0 | 0 | 
 | 0 | 0 | 0 | 0 | 1 | 0 | 0 | 
 | 0 | 0 | 0 | 2 | 2 | 0 | 0 | 
 | 1 | 1 | 2 | 2 | 1 | 0 | 1 | 
 | 

Alastor jogou.
Duração da jogada = 0 s

 | 0 | 0 | 0 | 0 | 0 | 0 | 0 | 
 | 0 | 0 | 0 | 0 | 0 | 0 | 0 | 
 | 0 | 0 | 0 | 0 | 0 | 0 | 0 | 
 | 0 | 0 | 0 | 0 | 0 | 0 | 0 | 
 | 0 | 0 | 0 | 0 | 1 | 0 | 0 | 
 | 0 | 0 | 2 | 2 | 2 | 0 | 0 | 
 | 1 | 1 | 2 | 2 | 1 | 0 | 1 | 
 | 

Android jogou.
Duração da jogada = 0 s

 | 0 | 0 | 0 | 0 | 0 | 0 | 0 | 
 | 0 | 0 | 0 | 0 | 0 | 0 | 0 | 
 | 0 | 0 | 0 | 0 | 0 | 0 | 0 | 
 | 0 | 0 | 0 | 0 | 0 | 0 | 0 | 
 | 0 | 0 | 0 | 0 | 1 | 0 | 0 | 
 | 0 | 1 | 2 | 2 | 2 | 0 | 0 | 
 | 1 | 1 | 2 | 2 | 1 | 0 | 1 | 
 | 

Alastor jogou.
Duração da jogada = 0 s

 | 0 | 0 | 0 | 0 | 0 | 0 | 0 | 
 | 0 | 0 | 0 | 0 | 0 | 0 | 0 | 
 | 0 | 0 | 0 | 0 | 0 | 0 | 0 | 
 | 0 | 0 | 0 | 0 | 0 | 0 | 0 | 
 | 0 | 2 | 0 | 0 | 1 | 0 | 0 | 
 | 0 | 1 | 2 | 2 | 2 | 0 | 0 | 
 | 1 | 1 | 2 | 2 | 1 | 0 | 1 | 
 | 

Android jogou.
Duração da jogada = 0 s

 | 0 | 0 | 0 | 0 | 0 | 0 | 0 | 
 | 0 | 0 | 0 | 0 | 0 | 0 | 0 | 
 | 0 | 0 | 0 | 0 | 0 | 0 | 0 | 
 | 0 | 0 | 0 | 0 | 0 | 0 | 0 | 
 | 0 | 2 | 0 | 1 | 1 | 0 | 0 | 
 | 0 | 1 | 2 | 2 | 2 | 0 | 0 | 
 | 1 | 1 | 2 | 2 | 1 | 0 | 1 | 
 | 

Alastor jogou.
Duração da jogada = 0 s

 | 0 | 0 | 0 | 0 | 0 | 0 | 0 | 
 | 0 | 0 | 0 | 0 | 0 | 0 | 0 | 
 | 0 | 0 | 0 | 0 | 0 | 0 | 0 | 
 | 0 | 0 | 0 | 2 | 0 | 0 | 0 | 
 | 0 | 2 | 0 | 1 | 1 | 0 | 0 | 
 | 0 | 1 | 2 | 2 | 2 | 0 | 0 | 
 | 1 | 1 | 2 | 2 | 1 | 0 | 1 | 
 | 

Android jogou.
Duração da jogada = 0 s

 | 0 | 0 | 0 | 0 | 0 | 0 | 0 | 
 | 0 | 0 | 0 | 0 | 0 | 0 | 0 | 
 | 0 | 0 | 0 | 0 | 0 | 0 | 0 | 
 | 0 | 0 | 0 | 2 | 0 | 0 | 0 | 
 | 0 | 2 | 0 | 1 | 1 | 0 | 0 | 
 | 1 | 1 | 2 | 2 | 2 | 0 | 0 | 
 | 1 | 1 | 2 | 2 | 1 | 0 | 1 | 
 | 

Alastor jogou.
Duração da jogada = 2 s

 | 0 | 0 | 0 | 0 | 0 | 0 | 0 | 
 | 0 | 0 | 0 | 0 | 0 | 0 | 0 | 
 | 0 | 0 | 0 | 0 | 0 | 0 | 0 | 
 | 0 | 0 | 0 | 2 | 0 | 0 | 0 | 
 | 0 | 2 | 2 | 1 | 1 | 0 | 0 | 
 | 1 | 1 | 2 | 2 | 2 | 0 | 0 | 
 | 1 | 1 | 2 | 2 | 1 | 0 | 1 | 
 | 

Android jogou.
Duração da jogada = 0 s

 | 0 | 0 | 0 | 0 | 0 | 0 | 0 | 
 | 0 | 0 | 0 | 0 | 0 | 0 | 0 | 
 | 0 | 0 | 0 | 0 | 0 | 0 | 0 | 
 | 0 | 0 | 1 | 2 | 0 | 0 | 0 | 
 | 0 | 2 | 2 | 1 | 1 | 0 | 0 | 
 | 1 | 1 | 2 | 2 | 2 | 0 | 0 | 
 | 1 | 1 | 2 | 2 | 1 | 0 | 1 | 
 | 

Alastor jogou.
Duração da jogada = 3 s

 | 0 | 0 | 0 | 0 | 0 | 0 | 0 | 
 | 0 | 0 | 0 | 0 | 0 | 0 | 0 | 
 | 0 | 0 | 0 | 0 | 0 | 0 | 0 | 
 | 0 | 2 | 1 | 2 | 0 | 0 | 0 | 
 | 0 | 2 | 2 | 1 | 1 | 0 | 0 | 
 | 1 | 1 | 2 | 2 | 2 | 0 | 0 | 
 | 1 | 1 | 2 | 2 | 1 | 0 | 1 | 
 | 

Android jogou.
Duração da jogada = 0 s

 | 0 | 0 | 0 | 0 | 0 | 0 | 0 | 
 | 0 | 0 | 0 | 0 | 0 | 0 | 0 | 
 | 0 | 0 | 0 | 0 | 0 | 0 | 0 | 
 | 0 | 2 | 1 | 2 | 1 | 0 | 0 | 
 | 0 | 2 | 2 | 1 | 1 | 0 | 0 | 
 | 1 | 1 | 2 | 2 | 2 | 0 | 0 | 
 | 1 | 1 | 2 | 2 | 1 | 0 | 1 | 
 | 

Alastor jogou.
Duração da jogada = 0 s

 | 0 | 0 | 0 | 0 | 0 | 0 | 0 | 
 | 0 | 0 | 0 | 0 | 0 | 0 | 0 | 
 | 0 | 0 | 0 | 2 | 0 | 0 | 0 | 
 | 0 | 2 | 1 | 2 | 1 | 0 | 0 | 
 | 0 | 2 | 2 | 1 | 1 | 0 | 0 | 
 | 1 | 1 | 2 | 2 | 2 | 0 | 0 | 
 | 1 | 1 | 2 | 2 | 1 | 0 | 1 | 
 | 

Android jogou.
Duração da jogada = 0 s

 | 0 | 0 | 0 | 0 | 0 | 0 | 0 | 
 | 0 | 0 | 0 | 0 | 0 | 0 | 0 | 
 | 0 | 0 | 0 | 2 | 1 | 0 | 0 | 
 | 0 | 2 | 1 | 2 | 1 | 0 | 0 | 
 | 0 | 2 | 2 | 1 | 1 | 0 | 0 | 
 | 1 | 1 | 2 | 2 | 2 | 0 | 0 | 
 | 1 | 1 | 2 | 2 | 1 | 0 | 1 | 
 | 

Alastor jogou.
Duração da jogada = 0 s

 | 0 | 0 | 0 | 0 | 0 | 0 | 0 | 
 | 0 | 0 | 0 | 0 | 2 | 0 | 0 | 
 | 0 | 0 | 0 | 2 | 1 | 0 | 0 | 
 | 0 | 2 | 1 | 2 | 1 | 0 | 0 | 
 | 0 | 2 | 2 | 1 | 1 | 0 | 0 | 
 | 1 | 1 | 2 | 2 | 2 | 0 | 0 | 
 | 1 | 1 | 2 | 2 | 1 | 0 | 1 | 
 | 

Android jogou.
Duração da jogada = 0 s

 | 0 | 0 | 0 | 0 | 0 | 0 | 0 | 
 | 0 | 0 | 0 | 0 | 2 | 0 | 0 | 
 | 0 | 0 | 0 | 2 | 1 | 0 | 0 | 
 | 0 | 2 | 1 | 2 | 1 | 0 | 0 | 
 | 0 | 2 | 2 | 1 | 1 | 0 | 0 | 
 | 1 | 1 | 2 | 2 | 2 | 0 | 1 | 
 | 1 | 1 | 2 | 2 | 1 | 0 | 1 | 
 | 

Alastor jogou.
Duração da jogada = 0 s

 | 0 | 0 | 0 | 0 | 0 | 0 | 0 | 
 | 0 | 0 | 0 | 2 | 2 | 0 | 0 | 
 | 0 | 0 | 0 | 2 | 1 | 0 | 0 | 
 | 0 | 2 | 1 | 2 | 1 | 0 | 0 | 
 | 0 | 2 | 2 | 1 | 1 | 0 | 0 | 
 | 1 | 1 | 2 | 2 | 2 | 0 | 1 | 
 | 1 | 1 | 2 | 2 | 1 | 0 | 1 | 
 | 

Android jogou.
Duração da jogada = 0 s

 | 0 | 0 | 0 | 1 | 0 | 0 | 0 | 
 | 0 | 0 | 0 | 2 | 2 | 0 | 0 | 
 | 0 | 0 | 0 | 2 | 1 | 0 | 0 | 
 | 0 | 2 | 1 | 2 | 1 | 0 | 0 | 
 | 0 | 2 | 2 | 1 | 1 | 0 | 0 | 
 | 1 | 1 | 2 | 2 | 2 | 0 | 1 | 
 | 1 | 1 | 2 | 2 | 1 | 0 | 1 | 
 | 

Alastor jogou.
Duração da jogada = 0 s

 | 0 | 0 | 0 | 1 | 2 | 0 | 0 | 
 | 0 | 0 | 0 | 2 | 2 | 0 | 0 | 
 | 0 | 0 | 0 | 2 | 1 | 0 | 0 | 
 | 0 | 2 | 1 | 2 | 1 | 0 | 0 | 
 | 0 | 2 | 2 | 1 | 1 | 0 | 0 | 
 | 1 | 1 | 2 | 2 | 2 | 0 | 1 | 
 | 1 | 1 | 2 | 2 | 1 | 0 | 1 | 
 | 

Android jogou.
Duração da jogada = 0 s

 | 0 | 0 | 0 | 1 | 2 | 0 | 0 | 
 | 0 | 0 | 0 | 2 | 2 | 0 | 0 | 
 | 0 | 0 | 1 | 2 | 1 | 0 | 0 | 
 | 0 | 2 | 1 | 2 | 1 | 0 | 0 | 
 | 0 | 2 | 2 | 1 | 1 | 0 | 0 | 
 | 1 | 1 | 2 | 2 | 2 | 0 | 1 | 
 | 1 | 1 | 2 | 2 | 1 | 0 | 1 | 
 | 

Alastor jogou.
Duração da jogada = 0 s

 | 0 | 0 | 0 | 1 | 2 | 0 | 0 | 
 | 0 | 0 | 2 | 2 | 2 | 0 | 0 | 
 | 0 | 0 | 1 | 2 | 1 | 0 | 0 | 
 | 0 | 2 | 1 | 2 | 1 | 0 | 0 | 
 | 0 | 2 | 2 | 1 | 1 | 0 | 0 | 
 | 1 | 1 | 2 | 2 | 2 | 0 | 1 | 
 | 1 | 1 | 2 | 2 | 1 | 0 | 1 | 
 | 

Android jogou.
Duração da jogada = 0 s

 | 0 | 0 | 0 | 1 | 2 | 0 | 0 | 
 | 0 | 0 | 2 | 2 | 2 | 0 | 0 | 
 | 0 | 0 | 1 | 2 | 1 | 0 | 0 | 
 | 0 | 2 | 1 | 2 | 1 | 0 | 0 | 
 | 0 | 2 | 2 | 1 | 1 | 0 | 1 | 
 | 1 | 1 | 2 | 2 | 2 | 0 | 1 | 
 | 1 | 1 | 2 | 2 | 1 | 0 | 1 | 
 | 

Alastor jogou.
Duração da jogada = 0 s

 | 0 | 0 | 0 | 1 | 2 | 0 | 0 | 
 | 0 | 0 | 2 | 2 | 2 | 0 | 0 | 
 | 0 | 0 | 1 | 2 | 1 | 0 | 0 | 
 | 0 | 2 | 1 | 2 | 1 | 0 | 2 | 
 | 0 | 2 | 2 | 1 | 1 | 0 | 1 | 
 | 1 | 1 | 2 | 2 | 2 | 0 | 1 | 
 | 1 | 1 | 2 | 2 | 1 | 0 | 1 | 
 | 

Android jogou.
Duração da jogada = 0 s

 | 0 | 0 | 0 | 1 | 2 | 0 | 0 | 
 | 0 | 0 | 2 | 2 | 2 | 0 | 0 | 
 | 0 | 0 | 1 | 2 | 1 | 0 | 1 | 
 | 0 | 2 | 1 | 2 | 1 | 0 | 2 | 
 | 0 | 2 | 2 | 1 | 1 | 0 | 1 | 
 | 1 | 1 | 2 | 2 | 2 | 0 | 1 | 
 | 1 | 1 | 2 | 2 | 1 | 0 | 1 | 
 | 

Alastor jogou.
Duração da jogada = 0 s

 | 0 | 0 | 2 | 1 | 2 | 0 | 0 | 
 | 0 | 0 | 2 | 2 | 2 | 0 | 0 | 
 | 0 | 0 | 1 | 2 | 1 | 0 | 1 | 
 | 0 | 2 | 1 | 2 | 1 | 0 | 2 | 
 | 0 | 2 | 2 | 1 | 1 | 0 | 1 | 
 | 1 | 1 | 2 | 2 | 2 | 0 | 1 | 
 | 1 | 1 | 2 | 2 | 1 | 0 | 1 | 
 | 

Android jogou.
Duração da jogada = 0 s

 | 0 | 0 | 2 | 1 | 2 | 0 | 0 | 
 | 0 | 0 | 2 | 2 | 2 | 0 | 1 | 
 | 0 | 0 | 1 | 2 | 1 | 0 | 1 | 
 | 0 | 2 | 1 | 2 | 1 | 0 | 2 | 
 | 0 | 2 | 2 | 1 | 1 | 0 | 1 | 
 | 1 | 1 | 2 | 2 | 2 | 0 | 1 | 
 | 1 | 1 | 2 | 2 | 1 | 0 | 1 | 
 | 

Alastor jogou.
Duração da jogada = 0 s

 | 0 | 0 | 2 | 1 | 2 | 0 | 0 | 
 | 0 | 0 | 2 | 2 | 2 | 0 | 1 | 
 | 0 | 2 | 1 | 2 | 1 | 0 | 1 | 
 | 0 | 2 | 1 | 2 | 1 | 0 | 2 | 
 | 0 | 2 | 2 | 1 | 1 | 0 | 1 | 
 | 1 | 1 | 2 | 2 | 2 | 0 | 1 | 
 | 1 | 1 | 2 | 2 | 1 | 0 | 1 | 
 | 

Android jogou.
Duração da jogada = 0 s

 | 0 | 0 | 2 | 1 | 2 | 0 | 0 | 
 | 0 | 1 | 2 | 2 | 2 | 0 | 1 | 
 | 0 | 2 | 1 | 2 | 1 | 0 | 1 | 
 | 0 | 2 | 1 | 2 | 1 | 0 | 2 | 
 | 0 | 2 | 2 | 1 | 1 | 0 | 1 | 
 | 1 | 1 | 2 | 2 | 2 | 0 | 1 | 
 | 1 | 1 | 2 | 2 | 1 | 0 | 1 | 
 | 

Alastor jogou.
Duração da jogada = 0 s

 | 0 | 2 | 2 | 1 | 2 | 0 | 0 | 
 | 0 | 1 | 2 | 2 | 2 | 0 | 1 | 
 | 0 | 2 | 1 | 2 | 1 | 0 | 1 | 
 | 0 | 2 | 1 | 2 | 1 | 0 | 2 | 
 | 0 | 2 | 2 | 1 | 1 | 0 | 1 | 
 | 1 | 1 | 2 | 2 | 2 | 0 | 1 | 
 | 1 | 1 | 2 | 2 | 1 | 0 | 1 | 
 | 

Android jogou.
Duração da jogada = 0 s

 | 0 | 2 | 2 | 1 | 2 | 0 | 1 | 
 | 0 | 1 | 2 | 2 | 2 | 0 | 1 | 
 | 0 | 2 | 1 | 2 | 1 | 0 | 1 | 
 | 0 | 2 | 1 | 2 | 1 | 0 | 2 | 
 | 0 | 2 | 2 | 1 | 1 | 0 | 1 | 
 | 1 | 1 | 2 | 2 | 2 | 0 | 1 | 
 | 1 | 1 | 2 | 2 | 1 | 0 | 1 | 
 | 

Alastor jogou.
Duração da jogada = 0 s

 | 0 | 2 | 2 | 1 | 2 | 0 | 1 | 
 | 0 | 1 | 2 | 2 | 2 | 0 | 1 | 
 | 0 | 2 | 1 | 2 | 1 | 0 | 1 | 
 | 0 | 2 | 1 | 2 | 1 | 0 | 2 | 
 | 0 | 2 | 2 | 1 | 1 | 0 | 1 | 
 | 1 | 1 | 2 | 2 | 2 | 0 | 1 | 
 | 1 | 1 | 2 | 2 | 1 | 2 | 1 | 
 | 

Android jogou.
Duração da jogada = 0 s

 | 0 | 2 | 2 | 1 | 2 | 0 | 1 | 
 | 0 | 1 | 2 | 2 | 2 | 0 | 1 | 
 | 0 | 2 | 1 | 2 | 1 | 0 | 1 | 
 | 0 | 2 | 1 | 2 | 1 | 0 | 2 | 
 | 0 | 2 | 2 | 1 | 1 | 0 | 1 | 
 | 1 | 1 | 2 | 2 | 2 | 1 | 1 | 
 | 1 | 1 | 2 | 2 | 1 | 2 | 1 | 
 | 

Alastor jogou.
Duração da jogada = 0 s

 | 0 | 2 | 2 | 1 | 2 | 0 | 1 | 
 | 0 | 1 | 2 | 2 | 2 | 0 | 1 | 
 | 0 | 2 | 1 | 2 | 1 | 0 | 1 | 
 | 0 | 2 | 1 | 2 | 1 | 0 | 2 | 
 | 0 | 2 | 2 | 1 | 1 | 2 | 1 | 
 | 1 | 1 | 2 | 2 | 2 | 1 | 1 | 
 | 1 | 1 | 2 | 2 | 1 | 2 | 1 | 
 | 
Android perdeu Alastor venceu

Novo jogo entre Diferente  Android

Diferente jogou.
Duração da jogada = 0 s

 | 1 | 1 | 1 | 1 | 1 | 1 | 1 | 
 | 1 | 1 | 1 | 1 | 1 | 1 | 1 | 
 | 1 | 1 | 1 | 1 | 1 | 1 | 1 | 
 | 1 | 1 | 1 | 1 | 1 | 1 | 1 | 
 | 0 | 1 | 1 | 1 | 1 | 1 | 1 | 
 | 0 | 0 | 1 | 1 | 1 | 1 | 1 | 
 | 0 | 1 | 0 | 1 | 1 | 1 | 1 | 
 | 
Diferente venceu Android perdeu

Novo jogo entre Android  Diferente

Android jogou.
Duração da jogada = 0 s

 | 0 | 0 | 0 | 0 | 0 | 0 | 0 | 
 | 0 | 0 | 0 | 0 | 0 | 0 | 0 | 
 | 0 | 0 | 0 | 0 | 0 | 0 | 0 | 
 | 0 | 0 | 0 | 0 | 0 | 0 | 0 | 
 | 0 | 0 | 0 | 0 | 0 | 0 | 0 | 
 | 0 | 0 | 0 | 0 | 0 | 0 | 0 | 
 | 0 | 0 | 1 | 0 | 0 | 0 | 0 | 
 | 

Diferente jogou.
Duração da jogada = 0 s

 | 2 | 2 | 2 | 2 | 2 | 2 | 2 | 
 | 2 | 2 | 2 | 2 | 2 | 2 | 2 | 
 | 2 | 2 | 2 | 2 | 2 | 2 | 2 | 
 | 2 | 2 | 2 | 2 | 2 | 2 | 2 | 
 | 0 | 2 | 2 | 2 | 2 | 2 | 2 | 
 | 0 | 0 | 2 | 2 | 2 | 2 | 2 | 
 | 0 | 2 | 1 | 2 | 2 | 2 | 2 | 
 | 
Android perdeu Diferente venceu

Resultados da competição
Aletório perdeu Alastor venceu
Alastor venceu Aletório perdeu
Aletório perdeu Diferente venceu
Diferente venceu Aletório perdeu
Aletório perdeu Android venceu
Android venceu Aletório perdeu
Alastor perdeu Diferente venceu
Diferente venceu Alastor perdeu
Alastor venceu Android perdeu
Android perdeu Alastor venceu
Diferente venceu Android perdeu
Android perdeu Diferente venceu

Imprimindo apenas o nome dos vencedores
Alastor
Alastor
Diferente
Diferente
Android
Android
Diferente
Diferente
Alastor
Alastor
Diferente
Diferente
